23MS210.wls
Scan Wavelength: 400.0 nm - 700.0 nm  Test Mode: Abs Mode  Test Time:09-09-2024 15:58:46
Peak/Valley Data Record
No.	Wavelength(nm)	Abs	Trans(%T)	Energy	Energy(100%T)	Energy(0%T)
No Peak/Valley Data.
Wavelength Scan Data Record
No.	Wavelength(nm)	Abs	Trans(%T)	Energy	Energy(100%T)	Energy(0%T)
1	700.0		0.000	100.0		35828		34260		0
2	699.0		0.001	99.8		35783		34872		0
3	698.0		0.001	99.7		35732		35494		0
4	697.0		0.002	99.5		35651		35871		0
5	696.0		0.003	99.4		35561		35776		0
6	695.0		0.003	99.4		35463		35654		0
7	694.0		0.003	99.4		35351		35537		0
8	693.0		0.003	99.4		35218		35400		0
9	692.0		0.003	99.4		35075		35259		0
10	691.0		0.003	99.4		34936		35114		0
11	690.0		0.003	99.4		34796		34977		0
12	689.0		0.003	99.4		34647		34828		0
13	688.0		0.003	99.4		34496		34677		0
14	687.0		0.003	99.4		34334		34502		0
15	686.0		0.002	99.4		34152		34292		0
16	685.0		0.002	99.4		33960		34103		0
17	684.0		0.002	99.5		33769		33921		0
18	683.0		0.002	99.5		33581		33721		0
19	682.0		0.002	99.5		33403		33521		0
20	681.0		0.002	99.5		33206		33342		0
21	680.0		0.002	99.5		33032		33174		0
22	679.0		0.002	99.5		32864		33000		0
23	678.0		0.002	99.5		32703		32840		0
24	677.0		0.002	99.5		32540		32675		0
25	676.0		0.002	99.5		32382		32503		0
26	675.0		0.002	99.5		32200		32332		0
27	674.0		0.002	99.5		32037		32155		0
28	673.0		0.002	99.5		31868		31983		0
29	672.0		0.002	99.5		31720		31837		0
30	671.0		0.002	99.5		31598		31718		0
31	670.0		0.002	99.5		31496		31618		0
32	669.0		0.002	99.5		31407		31529		0
33	668.0		0.002	99.5		31325		31445		0
34	667.0		0.002	99.5		31242		31374		0
35	666.0		0.002	99.5		31179		31307		0
36	665.0		0.002	99.5		31122		31251		0
37	664.0		0.002	99.5		31064		31194		0
38	663.0		0.002	99.5		31001		31136		0
39	662.0		0.002	99.5		30955		31086		0
40	661.0		0.002	99.5		30925		31071		0
41	660.0		0.002	99.4		30930		31078		0
42	659.0		0.003	99.4		30946		31105		0
43	658.0		0.003	99.4		30970		31140		0
44	657.0		0.003	99.4		30991		31164		0
45	656.0		0.003	99.4		31030		31199		0
46	655.0		0.003	99.3		31053		31244		0
47	654.0		0.003	99.3		31104		31300		0
48	653.0		0.003	99.3		31157		31344		0
49	652.0		0.003	99.3		31204		31406		0
50	651.0		0.003	99.2		31273		31485		0
51	650.0		0.003	99.2		31372		31587		0
52	649.0		0.003	99.2		31482		31712		0
53	648.0		0.004	99.2		31595		31835		0
54	647.0		0.004	99.1		31706		31963		0
55	646.0		0.004	99.1		31821		32099		0
56	645.0		0.004	99.1		31948		32229		0
57	644.0		0.004	99.0		32082		32367		0
58	643.0		0.004	99.0		32222		32516		0
59	642.0		0.004	99.0		32359		32672		0
60	641.0		0.005	98.9		32514		32835		0
61	640.0		0.005	98.9		32681		33029		0
62	639.0		0.005	98.8		32876		33248		0
63	638.0		0.005	98.8		33086		33478		0
64	637.0		0.006	98.7		33283		33699		0
65	636.0		0.006	98.7		33488		33919		0
66	635.0		0.006	98.6		33689		34139		0
67	634.0		0.006	98.6		33874		34350		0
68	633.0		0.006	98.5		34079		34573		0
69	632.0		0.007	98.5		34291		34815		0
70	631.0		0.007	98.4		34494		35047		0
71	630.0		0.007	98.3		34720		35301		0
72	629.0		0.008	98.3		34943		35560		0
73	628.0		0.008	98.2		35196		35830		0
74	627.0		0.008	98.1		35459		36114		0
75	626.0		0.009	98.1		35721		36410		0
76	625.0		0.009	98.0		35980		36707		0
77	624.0		0.009	97.9		36223		36991		0
78	623.0		0.010	97.8		36472		37272		0
79	622.0		0.010	97.7		36719		37554		0
80	621.0		0.010	97.6		36985		37854		0
81	620.0		0.011	97.5		37264		38189		0
82	619.0		0.011	97.4		37548		38522		0
83	618.0		0.012	97.3		37822		38836		0
84	617.0		0.012	97.2		38093		39149		0
85	616.0		0.013	97.1		38371		39502		0
86	615.0		0.013	97.0		38682		39880		0
87	614.0		0.014	96.9		38994		40234		0
88	613.0		0.014	96.7		39276		40598		0
89	612.0		0.015	96.6		39560		40941		0
90	611.0		0.016	96.5		39836		41268		0
91	610.0		0.016	96.3		40100		41607		0
92	609.0		0.017	96.2		40349		41940		0
93	608.0		0.018	96.0		40577		42251		0
94	607.0		0.018	95.9		40761		42507		0
95	606.0		0.019	95.7		40906		42712		0
96	605.0		0.020	95.6		41002		42894		0
97	604.0		0.021	95.4		41038		43021		0
98	603.0		0.021	95.2		40987		43054		0
99	602.0		0.022	95.0		40853		42991		0
100	601.0		0.023	94.8		40634		42845		0
101	600.0		0.024	94.6		40357		42630		0
102	599.0		0.025	94.4		39984		42332		0
103	598.0		0.026	94.2		39527		41935		0
104	597.0		0.027	94.0		38960		41403		0
105	596.0		0.028	93.8		38282		40807		0
106	595.0		0.029	93.6		37542		40068		0
107	594.0		0.030	93.4		36711		39297		0
108	593.0		0.031	93.1		35847		38437		0
109	592.0		0.032	92.9		34866		37499		0
110	591.0		0.033	92.6		33837		36507		0
111	590.0		0.034	92.4		32828		35507		0
112	589.0		0.036	92.1		31828		34508		0
113	588.0		0.037	91.9		30928		33622		0
114	587.0		0.038	91.6		30034		32758		0
115	586.0		0.039	91.4		29196		31925		0
116	585.0		0.040	91.1		28399		31141		0
117	584.0		0.042	90.9		27629		30376		0
118	583.0		0.043	90.6		26903		29676		0
119	582.0		0.044	90.3		26242		29042		0
120	581.0		0.045	90.1		25657		28467		0
121	580.0		0.047	89.8		25117		27953		0
122	579.0		0.048	89.5		24623		27509		0
123	578.0		0.050	89.2		24188		27123		0
124	577.0		0.051	88.9		23839		26815		0
125	576.0		0.053	88.6		23575		26603		0
126	575.0		0.054	88.3		23380		26470		0
127	574.0		0.055	88.0		23256		26414		0
128	573.0		0.057	87.7		23208		26454		0
129	572.0		0.058	87.5		23270		26601		0
130	571.0		0.060	87.2		23448		26889		0
131	570.0		0.061	86.9		23796		27387		0
132	569.0		0.062	86.6		24469		28275		0
133	568.0		0.064	86.3		25380		29430		0
134	567.0		0.065	86.0		26266		30540		0
135	566.0		0.067	85.7		26835		31328		0
136	565.0		0.068	85.4		27236		31917		0
137	564.0		0.070	85.2		27531		32346		0
138	563.0		0.071	84.9		27706		32656		0
139	562.0		0.072	84.7		27781		32829		0
140	561.0		0.074	84.4		27734		32867		0
141	560.0		0.075	84.2		27574		32768		0
142	559.0		0.076	83.9		27282		32518		0
143	558.0		0.077	83.7		26881		32115		0
144	557.0		0.079	83.5		26356		31589		0
145	556.0		0.080	83.2		25708		30876		0
146	555.0		0.081	83.0		24933		30029		0
147	554.0		0.082	82.8		24071		29057		0
148	553.0		0.083	82.6		23178		28057		0
149	552.0		0.084	82.4		22321		27084		0
150	551.0		0.085	82.2		21513		26142		0
151	550.0		0.086	82.0		20676		25234		0
152	549.0		0.087	81.8		21521		26318		0
153	548.0		0.088	81.7		21044		25754		0
154	547.0		0.089	81.5		20526		25185		0
155	546.0		0.090	81.3		20050		24643		0
156	545.0		0.091	81.2		19556		24099		0
157	544.0		0.091	81.0		19150		23606		0
158	543.0		0.092	80.9		18921		23394		0
159	542.0		0.093	80.8		18884		23379		0
160	541.0		0.093	80.7		18843		23358		0
161	540.0		0.094	80.6		18780		23306		0
162	539.0		0.094	80.5		18702		23245		0
163	538.0		0.095	80.4		18614		23161		0
164	537.0		0.095	80.3		18510		23061		0
165	536.0		0.096	80.2		18402		22938		0
166	535.0		0.096	80.2		18288		22806		0
167	534.0		0.096	80.1		18169		22677		0
168	533.0		0.096	80.1		18045		22533		0
169	532.0		0.096	80.1		17920		22385		0
170	531.0		0.097	80.1		17783		22224		0
171	530.0		0.097	80.0		17652		22069		0
172	529.0		0.097	80.0		17536		21918		0
173	528.0		0.097	80.0		17418		21777		0
174	527.0		0.097	80.0		17304		21628		0
175	526.0		0.097	80.0		17187		21478		0
176	525.0		0.097	80.1		17072		21322		0
177	524.0		0.096	80.1		16952		21166		0
178	523.0		0.096	80.1		16837		21013		0
179	522.0		0.096	80.2		16719		20857		0
180	521.0		0.096	80.2		16615		20711		0
181	520.0		0.095	80.3		16507		20573		0
182	519.0		0.095	80.4		16402		20420		0
183	518.0		0.095	80.4		16297		20266		0
184	517.0		0.094	80.5		16195		20119		0
185	516.0		0.094	80.6		16089		19976		0
186	515.0		0.093	80.6		15994		19839		0
187	514.0		0.093	80.7		15900		19698		0
188	513.0		0.092	80.8		15797		19548		0
189	512.0		0.092	80.9		15701		19406		0
190	511.0		0.091	81.0		15613		19272		0
191	510.0		0.091	81.1		15529		19142		0
192	509.0		0.090	81.2		15446		19020		0
193	508.0		0.090	81.3		15367		18896		0
194	507.0		0.089	81.5		15282		18764		0
195	506.0		0.088	81.6		15200		18634		0
196	505.0		0.088	81.7		15116		18499		0
197	504.0		0.087	81.8		15034		18375		0
198	503.0		0.086	82.0		14956		18255		0
199	502.0		0.086	82.1		14883		18130		0
200	501.0		0.085	82.3		14810		18012		0
201	500.0		0.084	82.4		14738		17894		0
202	499.0		0.084	82.5		14669		17792		0
203	498.0		0.083	82.6		29512		35734		0
204	497.0		0.082	82.8		14537		17574		0
205	496.0		0.081	82.9		29231		35278		0
206	495.0		0.081	83.1		29078		35021		0
207	494.0		0.080	83.2		28919		34770		0
208	493.0		0.079	83.4		28761		34527		0
209	492.0		0.078	83.5		28616		34280		0
210	491.0		0.077	83.7		28477		34056		0
211	490.0		0.077	83.8		28350		33845		0
212	489.0		0.076	83.9		28226		33640		0
213	488.0		0.075	84.1		28097		33418		0
214	487.0		0.075	84.2		27966		33211		0
215	486.0		0.074	84.4		27836		33002		0
216	485.0		0.073	84.5		27710		32788		0
217	484.0		0.072	84.7		27577		32570		0
218	483.0		0.071	84.9		27426		32331		0
219	482.0		0.070	85.1		27277		32084		0
220	481.0		0.069	85.2		27141		31847		0
221	480.0		0.069	85.4		27012		31636		0
222	479.0		0.068	85.6		26887		31445		0
223	478.0		0.067	85.7		26758		31236		0
224	477.0		0.066	85.9		26623		31011		0
225	476.0		0.065	86.1		26481		30792		0
226	475.0		0.064	86.2		26335		30565		0
227	474.0		0.063	86.4		26198		30346		0
228	473.0		0.063	86.6		26040		30102		0
229	472.0		0.062	86.8		25879		29845		0
230	471.0		0.061	87.0		25712		29593		0
231	470.0		0.060	87.1		25548		29333		0
232	469.0		0.059	87.3		25378		29081		0
233	468.0		0.058	87.5		25209		28822		0
234	467.0		0.057	87.7		25028		28559		0
235	466.0		0.056	87.9		24850		28291		0
236	465.0		0.055	88.1		24660		28020		0
237	464.0		0.054	88.3		24454		27713		0
238	463.0		0.053	88.5		24245		27403		0
239	462.0		0.052	88.7		24017		27108		0
240	461.0		0.051	88.9		23787		26768		0
241	460.0		0.050	89.1		23537		26436		0
242	459.0		0.049	89.3		23267		26076		0
243	458.0		0.048	89.5		22986		25692		0
244	457.0		0.047	89.7		22698		25316		0
245	456.0		0.046	90.0		22406		24932		0
246	455.0		0.045	90.2		22116		24562		0
247	454.0		0.044	90.4		21813		24172		0
248	453.0		0.043	90.6		21503		23766		0
249	452.0		0.042	90.8		21181		23363		0
250	451.0		0.041	91.0		20876		22968		0
251	450.0		0.040	91.2		20580		22589		0
252	449.0		0.039	91.4		20266		22193		0
253	448.0		0.038	91.6		19944		21797		0
254	447.0		0.037	91.8		19612		21392		0
255	446.0		0.036	92.0		19288		20981		0
256	445.0		0.035	92.2		18979		20608		0
257	444.0		0.034	92.4		18692		20238		0
258	443.0		0.034	92.6		18420		19914		0
259	442.0		0.033	92.7		18171		19604		0
260	441.0		0.032	92.9		17938		19321		0
261	440.0		0.031	93.1		17722		19052		0
262	439.0		0.030	93.3		17517		18802		0
263	438.0		0.030	93.4		17337		18558		0
264	437.0		0.029	93.6		17138		18333		0
265	436.0		0.028	93.7		16943		18094		0
266	435.0		0.027	93.9		16736		17843		0
267	434.0		0.027	94.0		33588		35735		0
268	433.0		0.026	94.2		33130		35200		0
269	432.0		0.025	94.3		32682		34682		0
270	431.0		0.025	94.5		32228		34158		0
271	430.0		0.024	94.6		31780		33624		0
272	429.0		0.023	94.8		32215		34022		0
273	428.0		0.023	94.9		32386		34167		0
274	427.0		0.022	95.0		32530		34300		0
275	426.0		0.022	95.0		32650		34397		0
276	425.0		0.022	95.1		32754		34471		0
277	424.0		0.021	95.2		32834		34530		0
278	423.0		0.021	95.2		32891		34575		0
279	422.0		0.021	95.3		32914		34587		0
280	421.0		0.021	95.3		32902		34573		0
281	420.0		0.021	95.3		32870		34542		0
282	419.0		0.021	95.3		32810		34480		0
283	418.0		0.021	95.3		32720		34384		0
284	417.0		0.021	95.2		32594		34274		0
285	416.0		0.021	95.2		32449		34121		0
286	415.0		0.022	95.2		32276		33956		0
287	414.0		0.022	95.1		32085		33773		0
288	413.0		0.022	95.0		31861		33573		0
289	412.0		0.023	94.9		31608		33336		0
290	411.0		0.023	94.8		31336		33080		0
291	410.0		0.024	94.6		31024		32802		0
292	409.0		0.025	94.5		30717		32533		0
293	408.0		0.026	94.3		30387		32253		0
294	407.0		0.026	94.1		30052		31960		0
295	406.0		0.027	93.9		29709		31666		0
296	405.0		0.028	93.7		29341		31343		0
297	404.0		0.029	93.4		28960		31018		0
298	403.0		0.031	93.2		28559		30659		0
299	402.0		0.032	92.9		28144		30310		0
300	401.0		0.033	92.7		27730		29956		0
301	400.0		0.034	92.5		27301		29586		0
