23MS194_ [Co(NH3)5Cl]Cl2.wls
Scan Wavelength: 400.0 nm - 700.0 nm  Test Mode: Abs Mode  Test Time:06-09-2024 16:11:28
Peak/Valley Data Record
No.	Wavelength(nm)	Abs	Trans(%T)	Energy	Energy(100%T)	Energy(0%T)
No Peak/Valley Data.
Wavelength Scan Data Record
No.	Wavelength(nm)	Abs	Trans(%T)	Energy	Energy(100%T)	Energy(0%T)
1	700.0		0.004	99.1		35389		34153		0
2	699.0		0.004	99.0		35334		34743		0
3	698.0		0.005	98.8		35270		35305		0
4	697.0		0.006	98.6		35193		35717		0
5	696.0		0.007	98.5		35098		35634		0
6	695.0		0.007	98.4		34984		35517		0
7	694.0		0.007	98.4		34856		35399		0
8	693.0		0.007	98.4		34712		35252		0
9	692.0		0.007	98.4		34559		35096		0
10	691.0		0.007	98.4		34417		34940		0
11	690.0		0.007	98.4		34275		34808		0
12	689.0		0.007	98.4		34124		34665		0
13	688.0		0.007	98.4		33972		34496		0
14	687.0		0.007	98.3		33792		34326		0
15	686.0		0.007	98.3		33603		34133		0
16	685.0		0.007	98.3		33419		33955		0
17	684.0		0.007	98.3		33227		33767		0
18	683.0		0.007	98.3		33011		33563		0
19	682.0		0.008	98.3		32829		33365		0
20	681.0		0.008	98.3		32637		33174		0
21	680.0		0.008	98.2		32453		33002		0
22	679.0		0.008	98.2		32287		32827		0
23	678.0		0.008	98.2		32120		32666		0
24	677.0		0.008	98.2		31956		32508		0
25	676.0		0.008	98.2		31796		32346		0
26	675.0		0.008	98.1		31608		32163		0
27	674.0		0.008	98.1		31433		31986		0
28	673.0		0.008	98.1		31258		31815		0
29	672.0		0.008	98.1		31118		31671		0
30	671.0		0.008	98.1		30985		31547		0
31	670.0		0.009	98.0		30890		31456		0
32	669.0		0.009	98.0		30796		31374		0
33	668.0		0.009	98.0		30709		31293		0
34	667.0		0.009	98.0		30626		31220		0
35	666.0		0.009	98.0		30553		31151		0
36	665.0		0.009	97.9		30488		31086		0
37	664.0		0.009	97.9		30431		31038		0
38	663.0		0.009	97.9		30361		30977		0
39	662.0		0.009	97.9		30304		30931		0
40	661.0		0.009	97.9		30278		30912		0
41	660.0		0.010	97.8		30280		30921		0
42	659.0		0.010	97.8		30297		30948		0
43	658.0		0.010	97.8		30312		30978		0
44	657.0		0.010	97.7		30325		31004		0
45	656.0		0.010	97.7		30347		31042		0
46	655.0		0.010	97.7		30377		31073		0
47	654.0		0.010	97.6		30418		31126		0
48	653.0		0.011	97.6		30463		31174		0
49	652.0		0.011	97.6		30504		31226		0
50	651.0		0.011	97.5		30568		31306		0
51	650.0		0.011	97.5		30655		31412		0
52	649.0		0.011	97.4		30761		31533		0
53	648.0		0.011	97.4		30873		31661		0
54	647.0		0.012	97.4		30982		31785		0
55	646.0		0.012	97.3		31093		31918		0
56	645.0		0.012	97.3		31214		32046		0
57	644.0		0.012	97.2		31334		32194		0
58	643.0		0.012	97.2		31459		32342		0
59	642.0		0.013	97.1		31589		32502		0
60	641.0		0.013	97.1		31731		32660		0
61	640.0		0.013	97.0		31888		32854		0
62	639.0		0.013	97.0		32078		33063		0
63	638.0		0.014	96.9		32280		33290		0
64	637.0		0.014	96.9		32482		33508		0
65	636.0		0.014	96.8		32664		33731		0
66	635.0		0.014	96.7		32854		33936		0
67	634.0		0.015	96.7		33042		34146		0
68	633.0		0.015	96.6		33212		34370		0
69	632.0		0.015	96.5		33412		34601		0
70	631.0		0.016	96.5		33615		34845		0
71	630.0		0.016	96.4		33830		35103		0
72	629.0		0.016	96.3		34060		35338		0
73	628.0		0.017	96.2		34296		35608		0
74	627.0		0.017	96.1		34541		35903		0
75	626.0		0.018	96.0		34777		36197		0
76	625.0		0.018	95.9		35017		36489		0
77	624.0		0.019	95.8		35255		36784		0
78	623.0		0.019	95.7		35489		37073		0
79	622.0		0.019	95.6		35722		37348		0
80	621.0		0.020	95.5		35959		37631		0
81	620.0		0.020	95.4		36228		37972		0
82	619.0		0.021	95.3		36481		38292		0
83	618.0		0.022	95.2		36735		38598		0
84	617.0		0.022	95.0		37003		38940		0
85	616.0		0.023	94.9		37279		39286		0
86	615.0		0.023	94.8		37565		39638		0
87	614.0		0.024	94.6		37851		40008		0
88	613.0		0.025	94.5		38122		40362		0
89	612.0		0.025	94.3		38384		40687		0
90	611.0		0.026	94.1		38626		41033		0
91	610.0		0.027	94.0		38872		41364		0
92	609.0		0.028	93.8		39120		41687		0
93	608.0		0.029	93.6		39330		41981		0
94	607.0		0.029	93.5		39493		42240		0
95	606.0		0.030	93.3		39617		42446		0
96	605.0		0.031	93.1		39696		42621		0
97	604.0		0.032	92.9		39718		42725		0
98	603.0		0.033	92.7		39653		42754		0
99	602.0		0.034	92.5		39500		42694		0
100	601.0		0.035	92.3		39277		42547		0
101	600.0		0.036	92.0		38982		42339		0
102	599.0		0.037	91.8		38641		42040		0
103	598.0		0.038	91.6		38168		41641		0
104	597.0		0.039	91.4		37606		41131		0
105	596.0		0.040	91.1		36946		40512		0
106	595.0		0.042	90.9		36244		39810		0
107	594.0		0.043	90.6		35421		39060		0
108	593.0		0.044	90.4		34527		38162		0
109	592.0		0.045	90.1		33594		37228		0
110	591.0		0.047	89.8		32616		36219		0
111	590.0		0.048	89.5		31592		35268		0
112	589.0		0.049	89.3		30646		34288		0
113	588.0		0.051	89.0		29760		33392		0
114	587.0		0.052	88.7		28894		32525		0
115	586.0		0.054	88.4		28078		31705		0
116	585.0		0.055	88.1		27257		30909		0
117	584.0		0.057	87.8		26497		30171		0
118	583.0		0.058	87.5		25829		29467		0
119	582.0		0.059	87.2		25172		28830		0
120	581.0		0.061	86.9		24595		28255		0
121	580.0		0.063	86.6		24042		27760		0
122	579.0		0.064	86.2		23584		27322		0
123	578.0		0.066	85.9		23144		26931		0
124	577.0		0.068	85.6		22798		26636		0
125	576.0		0.069	85.2		22527		26421		0
126	575.0		0.071	84.9		22330		26288		0
127	574.0		0.073	84.6		22198		26234		0
128	573.0		0.074	84.3		22143		26273		0
129	572.0		0.076	84.0		22179		26422		0
130	571.0		0.078	83.6		22334		26721		0
131	570.0		0.079	83.3		22664		27220		0
132	569.0		0.081	83.0		23291		28106		0
133	568.0		0.083	82.7		24164		29249		0
134	567.0		0.084	82.4		24945		30331		0
135	566.0		0.086	82.0		25492		31095		0
136	565.0		0.088	81.7		25872		31679		0
137	564.0		0.089	81.4		26122		32121		0
138	563.0		0.091	81.1		26281		32420		0
139	562.0		0.093	80.8		26332		32591		0
140	561.0		0.094	80.5		26273		32618		0
141	560.0		0.096	80.2		26094		32522		0
142	559.0		0.097	80.0		25807		32272		0
143	558.0		0.099	79.7		25400		31879		0
144	557.0		0.100	79.4		24888		31333		0
145	556.0		0.101	79.2		24260		30630		0
146	555.0		0.103	78.9		23506		29825		0
147	554.0		0.104	78.7		22674		28819		0
148	553.0		0.106	78.4		21818		27855		0
149	552.0		0.107	78.2		21044		26900		0
150	551.0		0.108	78.0		20237		25943		0
151	550.0		0.109	77.7		19442		25044		0
152	549.0		0.111	77.5		20257		26134		0
153	548.0		0.112	77.3		19784		25573		0
154	547.0		0.113	77.1		19285		25007		0
155	546.0		0.114	76.9		18839		24473		0
156	545.0		0.115	76.8		18362		23930		0
157	544.0		0.116	76.6		17959		23461		0
158	543.0		0.117	76.4		17739		23233		0
159	542.0		0.118	76.3		17691		23225		0
160	541.0		0.119	76.1		17643		23205		0
161	540.0		0.119	76.0		17577		23158		0
162	539.0		0.120	75.8		17497		23088		0
163	538.0		0.121	75.7		17409		23003		0
164	537.0		0.121	75.6		17305		22898		0
165	536.0		0.122	75.6		17197		22775		0
166	535.0		0.122	75.5		17092		22651		0
167	534.0		0.123	75.4		16968		22514		0
168	533.0		0.123	75.4		16850		22386		0
169	532.0		0.123	75.3		16722		22234		0
170	531.0		0.124	75.2		16585		22068		0
171	530.0		0.124	75.2		16466		21916		0
172	529.0		0.124	75.2		16343		21763		0
173	528.0		0.124	75.1		16234		21623		0
174	527.0		0.124	75.1		16122		21474		0
175	526.0		0.124	75.1		16007		21335		0
176	525.0		0.124	75.1		15889		21172		0
177	524.0		0.124	75.1		15775		21023		0
178	523.0		0.124	75.1		15664		20860		0
179	522.0		0.124	75.2		15556		20708		0
180	521.0		0.124	75.2		15451		20562		0
181	520.0		0.124	75.2		15347		20417		0
182	519.0		0.123	75.3		15244		20268		0
183	518.0		0.123	75.3		15146		20116		0
184	517.0		0.123	75.4		15044		19967		0
185	516.0		0.122	75.4		14950		19825		0
186	515.0		0.122	75.5		14852		19692		0
187	514.0		0.122	75.6		14762		19552		0
188	513.0		0.121	75.6		14669		19406		0
189	512.0		0.121	75.7		14579		19264		0
190	511.0		0.120	75.8		14496		19130		0
191	510.0		0.120	75.9		14419		19000		0
192	509.0		0.119	76.0		14348		18887		0
193	508.0		0.119	76.1		14273		18759		0
194	507.0		0.118	76.2		14192		18627		0
195	506.0		0.117	76.4		14112		18493		0
196	505.0		0.116	76.5		14034		18364		0
197	504.0		0.116	76.6		13960		18238		0
198	503.0		0.115	76.7		13889		18113		0
199	502.0		0.114	76.9		13821		17994		0
200	501.0		0.114	77.0		13755		17878		0
201	500.0		0.113	77.1		13689		17762		0
202	499.0		0.112	77.3		13630		17656		0
203	498.0		0.111	77.4		27420		35452		0
204	497.0		0.110	77.5		27296		35236		0
205	496.0		0.110	77.7		27166		35002		0
206	495.0		0.109	77.8		27031		34756		0
207	494.0		0.108	78.0		26888		34506		0
208	493.0		0.107	78.2		26749		34243		0
209	492.0		0.106	78.3		26615		33998		0
210	491.0		0.105	78.5		26498		33776		0
211	490.0		0.104	78.7		26390		33574		0
212	489.0		0.103	78.8		26281		33362		0
213	488.0		0.102	79.0		26174		33143		0
214	487.0		0.102	79.2		26058		32931		0
215	486.0		0.101	79.3		25953		32734		0
216	485.0		0.100	79.5		25833		32528		0
217	484.0		0.099	79.7		25719		32303		0
218	483.0		0.098	79.9		25596		32058		0
219	482.0		0.096	80.1		25458		31824		0
220	481.0		0.095	80.3		25337		31584		0
221	480.0		0.094	80.5		25237		31377		0
222	479.0		0.093	80.7		25127		31177		0
223	478.0		0.092	80.9		25021		30978		0
224	477.0		0.091	81.1		24904		30750		0
225	476.0		0.090	81.3		24783		30524		0
226	475.0		0.089	81.5		24661		30289		0
227	474.0		0.088	81.7		24541		30069		0
228	473.0		0.087	81.9		24406		29816		0
229	472.0		0.085	82.2		24265		29563		0
230	471.0		0.084	82.4		24120		29303		0
231	470.0		0.083	82.6		23970		29039		0
232	469.0		0.082	82.9		23829		28786		0
233	468.0		0.080	83.1		23683		28535		0
234	467.0		0.079	83.3		23534		28272		0
235	466.0		0.078	83.5		23375		28003		0
236	465.0		0.077	83.8		23207		27722		0
237	464.0		0.076	84.0		23028		27439		0
238	463.0		0.075	84.2		22829		27133		0
239	462.0		0.073	84.5		22628		26829		0
240	461.0		0.072	84.7		22417		26487		0
241	460.0		0.071	84.9		22199		26174		0
242	459.0		0.070	85.2		21972		25814		0
243	458.0		0.068	85.5		21711		25423		0
244	457.0		0.067	85.7		21443		25034		0
245	456.0		0.066	86.0		21188		24670		0
246	455.0		0.064	86.2		20925		24288		0
247	454.0		0.063	86.5		20650		23901		0
248	453.0		0.062	86.7		20362		23517		0
249	452.0		0.061	87.0		20076		23105		0
250	451.0		0.060	87.2		19782		22713		0
251	450.0		0.058	87.4		19490		22332		0
252	449.0		0.057	87.7		19223		21942		0
253	448.0		0.056	87.9		18932		21570		0
254	447.0		0.055	88.1		18621		21164		0
255	446.0		0.054	88.4		18316		20753		0
256	445.0		0.053	88.6		18029		20382		0
257	444.0		0.051	88.8		17760		20016		0
258	443.0		0.050	89.0		17519		19684		0
259	442.0		0.049	89.3		17289		19395		0
260	441.0		0.048	89.5		17067		19093		0
261	440.0		0.047	89.7		16867		18828		0
262	439.0		0.046	89.9		16679		18574		0
263	438.0		0.045	90.1		16498		18341		0
264	437.0		0.044	90.3		16323		18100		0
265	436.0		0.044	90.5		16142		17865		0
266	435.0		0.043	90.6		15949		17614		0
267	434.0		0.042	90.8		32019		35290		0
268	433.0		0.041	91.0		31614		34762		0
269	432.0		0.040	91.1		31182		34256		0
270	431.0		0.040	91.3		30732		33735		0
271	430.0		0.039	91.4		30289		33195		0
272	429.0		0.038	91.6		30722		33586		0
273	428.0		0.038	91.7		30878		33728		0
274	427.0		0.037	91.8		31018		33846		0
275	426.0		0.037	91.9		31138		33949		0
276	425.0		0.036	92.0		31230		34017		0
277	424.0		0.036	92.0		31303		34076		0
278	423.0		0.036	92.1		31352		34106		0
279	422.0		0.036	92.1		31369		34112		0
280	421.0		0.036	92.1		31359		34086		0
281	420.0		0.036	92.1		31325		34051		0
282	419.0		0.036	92.1		31256		33987		0
283	418.0		0.036	92.1		31165		33895		0
284	417.0		0.036	92.1		31046		33782		0
285	416.0		0.036	92.0		30895		33630		0
286	415.0		0.037	91.9		30723		33469		0
287	414.0		0.037	91.9		30527		33275		0
288	413.0		0.037	91.7		30310		33081		0
289	412.0		0.038	91.6		30056		32847		0
290	411.0		0.039	91.5		29772		32596		0
291	410.0		0.040	91.3		29474		32322		0
292	409.0		0.040	91.1		29159		32056		0
293	408.0		0.041	90.9		28844		31778		0
294	407.0		0.042	90.7		28517		31479		0
295	406.0		0.043	90.5		28172		31181		0
296	405.0		0.045	90.2		27802		30858		0
297	404.0		0.046	90.0		27417		30524		0
298	403.0		0.047	89.7		27042		30185		0
299	402.0		0.049	89.4		26631		29824		0
300	401.0		0.050	89.2		26222		29474		0
301	400.0		0.051	89.0		25791		29106		0
