23MS214.wls
Scan Wavelength: 300.0 nm - 600.0 nm  Test Mode: Abs Mode  Test Time:25-10-2024 15:17:00
Peak/Valley Data Record
No.	Wavelength(nm)	Abs	Trans(%T)	Energy	Energy(100%T)	Energy(0%T)
No Peak/Valley Data.
Wavelength Scan Data Record
No.	Wavelength(nm)	Abs	Trans(%T)	Energy	Energy(100%T)	Energy(0%T)
1	600.0		0.092	80.9		33730		40410		0
2	599.0		0.088	81.7		34197		40895		0
3	598.0		0.084	82.3		34504		41250		0
4	597.0		0.081	83.0		34455		41317		0
5	596.0		0.080	83.2		33907		40714		0
6	595.0		0.080	83.2		33323		39996		0
7	594.0		0.080	83.2		32674		39252		0
8	593.0		0.080	83.2		31953		38405		0
9	592.0		0.080	83.1		31125		37444		0
10	591.0		0.081	83.1		30278		36494		0
11	590.0		0.081	83.0		29463		35449		0
12	589.0		0.081	83.0		28644		34478		0
13	588.0		0.081	83.0		27847		33584		0
14	587.0		0.081	82.9		27133		32727		0
15	586.0		0.082	82.9		26453		31880		0
16	585.0		0.082	82.8		25778		31092		0
17	584.0		0.082	82.8		25131		30334		0
18	583.0		0.082	82.7		24514		29632		0
19	582.0		0.083	82.7		24008		29003		0
20	581.0		0.083	82.6		23486		28422		0
21	580.0		0.083	82.6		23067		27931		0
22	579.0		0.083	82.5		22678		27473		0
23	578.0		0.084	82.5		22347		27076		0
24	577.0		0.084	82.5		22088		26781		0
25	576.0		0.084	82.4		21898		26566		0
26	575.0		0.084	82.4		21775		26437		0
27	574.0		0.085	82.3		21724		26386		0
28	573.0		0.085	82.3		21739		26424		0
29	572.0		0.085	82.2		21850		26569		0
30	571.0		0.085	82.2		22076		26844		0
31	570.0		0.085	82.2		22470		27356		0
32	569.0		0.086	82.1		23219		28226		0
33	568.0		0.086	82.1		24142		29424		0
34	567.0		0.086	82.0		25018		30483		0
35	566.0		0.086	82.0		25636		31272		0
36	565.0		0.086	82.0		26097		31852		0
37	564.0		0.087	81.9		26441		32267		0
38	563.0		0.087	81.9		26677		32580		0
39	562.0		0.087	81.8		26810		32758		0
40	561.0		0.087	81.8		26825		32798		0
41	560.0		0.088	81.7		26726		32701		0
42	559.0		0.088	81.7		26499		32446		0
43	558.0		0.088	81.6		26155		32042		0
44	557.0		0.089	81.5		25689		31497		0
45	556.0		0.089	81.5		25123		30798		0
46	555.0		0.089	81.4		24403		29943		0
47	554.0		0.090	81.4		23587		28992		0
48	553.0		0.090	81.3		22751		27978		0
49	552.0		0.090	81.2		21938		27009		0
50	551.0		0.091	81.2		21172		26062		0
51	550.0		0.091	81.1		20384		25128		0
52	549.0		0.091	81.0		21276		26273		0
53	548.0		0.092	81.0		20808		25718		0
54	547.0		0.092	80.9		20348		25145		0
55	546.0		0.093	80.8		19871		24610		0
56	545.0		0.093	80.7		19425		24049		0
57	544.0		0.093	80.7		19007		23569		0
58	543.0		0.094	80.6		18814		23349		0
59	542.0		0.094	80.5		18789		23348		0
60	541.0		0.095	80.4		18756		23327		0
61	540.0		0.095	80.3		18697		23275		0
62	539.0		0.095	80.3		18625		23203		0
63	538.0		0.096	80.2		18536		23117		0
64	537.0		0.096	80.1		18428		23014		0
65	536.0		0.097	80.0		18314		22894		0
66	535.0		0.097	79.9		18196		22765		0
67	534.0		0.098	79.8		18069		22638		0
68	533.0		0.098	79.7		17936		22491		0
69	532.0		0.099	79.7		17795		22338		0
70	531.0		0.099	79.6		17649		22178		0
71	530.0		0.100	79.5		17498		22021		0
72	529.0		0.100	79.3		17361		21879		0
73	528.0		0.101	79.2		17222		21738		0
74	527.0		0.102	79.1		17088		21589		0
75	526.0		0.102	79.0		16947		21448		0
76	525.0		0.103	78.9		16803		21289		0
77	524.0		0.103	78.8		16654		21130		0
78	523.0		0.104	78.7		16512		20983		0
79	522.0		0.105	78.6		16367		20828		0
80	521.0		0.105	78.5		16232		20686		0
81	520.0		0.106	78.4		16093		20535		0
82	519.0		0.107	78.2		15950		20388		0
83	518.0		0.107	78.1		15801		20243		0
84	517.0		0.108	78.0		15658		20092		0
85	516.0		0.109	77.8		15523		19945		0
86	515.0		0.110	77.7		15389		19802		0
87	514.0		0.110	77.6		15254		19664		0
88	513.0		0.111	77.4		15115		19523		0
89	512.0		0.112	77.3		14977		19378		0
90	511.0		0.113	77.2		14851		19244		0
91	510.0		0.113	77.0		14723		19118		0
92	509.0		0.114	76.9		14607		18997		0
93	508.0		0.115	76.7		14481		18874		0
94	507.0		0.116	76.5		14349		18736		0
95	506.0		0.117	76.4		14214		18603		0
96	505.0		0.118	76.2		14082		18474		0
97	504.0		0.119	76.1		13964		18350		0
98	503.0		0.120	75.9		13834		18230		0
99	502.0		0.121	75.7		13717		18109		0
100	501.0		0.122	75.6		13599		17997		0
101	500.0		0.123	75.4		13478		17879		0
102	499.0		0.124	75.2		13367		17774		0
103	498.0		0.125	75.1		26778		35694		0
104	497.0		0.126	74.9		13146		17551		0
105	496.0		0.127	74.7		26321		35231		0
106	495.0		0.128	74.5		26055		34972		0
107	494.0		0.129	74.3		25790		34721		0
108	493.0		0.130	74.1		25535		34460		0
109	492.0		0.132	73.9		25289		34231		0
110	491.0		0.133	73.7		25055		34002		0
111	490.0		0.134	73.5		24836		33792		0
112	489.0		0.135	73.3		24618		33589		0
113	488.0		0.136	73.1		24390		33376		0
114	487.0		0.138	72.9		24171		33167		0
115	486.0		0.139	72.7		23944		32957		0
116	485.0		0.140	72.4		23723		32740		0
117	484.0		0.141	72.2		23482		32514		0
118	483.0		0.143	72.0		23227		32268		0
119	482.0		0.144	71.7		22972		32035		0
120	481.0		0.146	71.5		22720		31795		0
121	480.0		0.147	71.2		22490		31585		0
122	479.0		0.149	71.0		22269		31379		0
123	478.0		0.150	70.7		22044		31172		0
124	477.0		0.152	70.5		21812		30960		0
125	476.0		0.154	70.2		21576		30727		0
126	475.0		0.155	70.0		21335		30492		0
127	474.0		0.157	69.7		21100		30270		0
128	473.0		0.158	69.4		20846		30016		0
129	472.0		0.160	69.2		20586		29768		0
130	471.0		0.162	68.9		20321		29498		0
131	470.0		0.164	68.6		20046		29246		0
132	469.0		0.166	68.3		19774		28976		0
133	468.0		0.168	68.0		19519		28720		0
134	467.0		0.170	67.7		19258		28460		0
135	466.0		0.171	67.4		18997		28197		0
136	465.0		0.173	67.1		18727		27906		0
137	464.0		0.175	66.8		18440		27615		0
138	463.0		0.177	66.5		18157		27309		0
139	462.0		0.179	66.2		17864		27003		0
140	461.0		0.181	65.9		17558		26663		0
141	460.0		0.183	65.6		17259		26343		0
142	459.0		0.186	65.2		16927		25969		0
143	458.0		0.188	64.9		16590		25582		0
144	457.0		0.190	64.5		16250		25193		0
145	456.0		0.192	64.2		15921		24827		0
146	455.0		0.195	63.9		15597		24436		0
147	454.0		0.197	63.6		15287		24052		0
148	453.0		0.199	63.2		14953		23651		0
149	452.0		0.201	62.9		14624		23261		0
150	451.0		0.203	62.6		14292		22853		0
151	450.0		0.206	62.3		13985		22464		0
152	449.0		0.208	62.0		13668		22069		0
153	448.0		0.210	61.6		13362		21691		0
154	447.0		0.213	61.3		13041		21286		0
155	446.0		0.215	60.9		12716		20864		0
156	445.0		0.217	60.6		12407		20481		0
157	444.0		0.220	60.3		12137		20119		0
158	443.0		0.222	60.0		11868		19803		0
159	442.0		0.224	59.7		11630		19488		0
160	441.0		0.226	59.4		11400		19198		0
161	440.0		0.228	59.1		11183		18930		0
162	439.0		0.231	58.8		10982		18680		0
163	438.0		0.233	58.5		10786		18438		0
164	437.0		0.235	58.2		10603		18203		0
165	436.0		0.237	57.9		10413		17968		0
166	435.0		0.239	57.6		10213		17726		0
167	434.0		0.241	57.4		20346		35498		0
168	433.0		0.244	57.1		19959		34967		0
169	432.0		0.246	56.8		19556		34435		0
170	431.0		0.247	56.6		19168		33929		0
171	430.0		0.249	56.4		18791		33405		0
172	429.0		0.249	56.3		19090		33850		0
173	428.0		0.251	56.2		19092		33994		0
174	427.0		0.252	56.0		19076		34114		0
175	426.0		0.254	55.7		19049		34222		0
176	425.0		0.256	55.5		19018		34298		0
177	424.0		0.258	55.2		18968		34364		0
178	423.0		0.260	55.0		18904		34405		0
179	422.0		0.262	54.8		18825		34412		0
180	421.0		0.263	54.5		18735		34391		0
181	420.0		0.265	54.3		18638		34354		0
182	419.0		0.267	54.1		18530		34286		0
183	418.0		0.269	53.9		18406		34199		0
184	417.0		0.270	53.7		18277		34083		0
185	416.0		0.272	53.5		18130		33949		0
186	415.0		0.274	53.3		17972		33785		0
187	414.0		0.275	53.1		17811		33608		0
188	413.0		0.277	52.9		17637		33403		0
189	412.0		0.279	52.6		17442		33180		0
190	411.0		0.280	52.4		17248		32927		0
191	410.0		0.282	52.2		17030		32644		0
192	409.0		0.284	52.0		16833		32372		0
193	408.0		0.285	51.8		16626		32091		0
194	407.0		0.287	51.7		16413		31804		0
195	406.0		0.288	51.5		16199		31496		0
196	405.0		0.290	51.3		15973		31182		0
197	404.0		0.292	51.1		15751		30830		0
198	403.0		0.293	50.9		15520		30486		0
199	402.0		0.295	50.7		15281		30128		0
200	401.0		0.296	50.5		15047		29777		0
201	400.0		0.298	50.4		14805		29412		0
202	399.0		0.300	50.2		14541		29009		0
203	398.0		0.301	50.0		14288		28598		0
204	397.0		0.303	49.8		14029		28180		0
205	396.0		0.304	49.6		13775		27790		0
206	395.0		0.306	49.4		13520		27359		0
207	394.0		0.307	49.3		13270		26949		0
208	393.0		0.309	49.1		13002		26512		0
209	392.0		0.311	48.9		12737		26058		0
210	391.0		0.312	48.7		12468		25604		0
211	390.0		0.314	48.6		12215		25166		0
212	389.0		0.315	48.4		11946		24730		0
213	388.0		0.317	48.2		11678		24245		0
214	387.0		0.319	48.0		11384		23725		0
215	386.0		0.320	47.8		11084		23194		0
216	385.0		0.322	47.7		10799		22680		0
217	384.0		0.324	47.5		10526		22181		0
218	383.0		0.325	47.3		10247		21674		0
219	382.0		0.327	47.1		9977		21189		0
220	381.0		0.328	47.0		9706		20696		0
221	380.0		0.330	46.8		9438		20184		0
222	379.0		0.331	46.6		9188		19701		0
223	378.0		0.333	46.5		8922		19224		0
224	377.0		0.334	46.3		8679		18751		0
225	376.0		0.336	46.1		8418		18270		0
226	375.0		0.338	45.9		8150		17752		0
227	374.0		0.339	45.8		16038		35099		0
228	373.0		0.341	45.6		15555		34129		0
229	372.0		0.343	45.4		15092		33253		0
230	371.0		0.346	45.0		14657		32436		0
231	370.0		0.351	44.5		14272		31666		0
232	369.0		0.359	43.7		7704		17854		0
233	368.0		0.365	43.2		7830		18236		0
234	367.0		0.369	42.8		7921		18544		0
235	366.0		0.371	42.6		7989		18787		0
236	365.0		0.373	42.3		8032		18988		0
237	364.0		0.376	42.1		8056		19140		0
238	363.0		0.378	41.9		8060		19262		0
239	362.0		0.380	41.6		8043		19324		0
240	361.0		0.383	41.4		8007		19347		0
241	360.0		0.385	41.2		7958		19334		0
242	359.0		0.387	41.0		7899		19289		0
243	358.0		0.390	40.8		7824		19213		0
244	357.0		0.392	40.5		7735		19091		0
245	356.0		0.395	40.3		7625		18931		0
246	355.0		0.397	40.1		7504		18737		0
247	354.0		0.399	39.9		7369		18501		0
248	353.0		0.402	39.6		7217		18203		0
249	352.0		0.405	39.4		7046		17892		0
250	351.0		0.407	39.2		6847		17506		0
251	350.0		0.410	38.9		6647		17094		0
252	349.0		0.412	38.7		13386		34614		0
253	348.0		0.415	38.5		12966		33749		0
254	347.0		0.418	38.2		12543		32843		0
255	346.0		0.420	38.0		12147		31976		0
256	345.0		0.423	37.8		11741		31071		0
257	344.0		0.426	37.5		11324		30197		0
258	343.0		0.429	37.3		10938		29360		0
259	342.0		0.431	37.0		10574		28557		0
260	341.0		0.435	36.7		10226		27793		0
261	340.0		0.439	36.4		9884		27055		0
262	339.0		0.443	36.0		9750		20677		0
263	338.0		0.447	35.7		9788		20859		0
264	337.0		0.451	35.4		9828		21121		0
265	336.0		0.454	35.1		9853		21326		0
266	335.0		0.458	34.9		9864		21496		0
267	334.0		0.461	34.6		9880		21631		0
268	333.0		0.464	34.4		9876		21794		0
269	332.0		0.467	34.1		9873		22026		0
270	331.0		0.471	33.8		9886		23200		0
271	330.0		0.474	33.6		9952		23354		0
272	329.0		0.478	33.3		9997		23716		0
273	328.0		0.481	33.0		10033		24082		0
274	327.0		0.485	32.7		10085		24470		0
275	326.0		0.489	32.4		10078		24847		0
276	325.0		0.493	32.1		10069		25236		0
277	324.0		0.497	31.8		10108		25594		0
278	323.0		0.501	31.6		10145		25910		0
279	322.0		0.505	31.3		10215		26288		0
280	321.0		0.508	31.0		10229		26669		0
281	320.0		0.512	30.7		10160		27085		0
282	319.0		0.516	30.5		10214		27481		0
283	318.0		0.520	30.2		10112		28127		0
284	317.0		0.524	29.9		10208		28172		0
285	316.0		0.528	29.6		10371		28524		0
286	315.0		0.532	29.4		10388		28914		0
287	314.0		0.537	29.0		4997		14042		0
288	313.0		0.542	28.7		10388		29474		0
289	312.0		0.546	28.4		4984		14228		0
290	311.0		0.551	28.1		4972		14293		0
291	310.0		0.555	27.8		4951		14362		0
292	309.0		0.560	27.6		4852		14505		0
293	308.0		0.564	27.3		4929		14600		0
294	307.0		0.568	27.0		4760		14688		0
295	306.0		0.573	26.7		4791		14807		0
296	305.0		0.578	26.4		4724		14878		0
297	304.0		0.583	26.1		4750		14902		0
298	303.0		0.588	25.8		4711		14485		0
299	302.0		0.593	25.5		4678		13791		0
300	301.0		0.597	25.3		4638		14006		0
301	300.0		0.600	25.1		4626		14108		0
