23MS062.wls
Scan Wavelength: 300.0 nm - 600.0 nm  Test Mode: Abs Mode  Test Time:29-10-2024 15:00:59
Peak/Valley Data Record
No.	Wavelength(nm)	Abs	Trans(%T)	Energy	Energy(100%T)	Energy(0%T)
No Peak/Valley Data.
Wavelength Scan Data Record
No.	Wavelength(nm)	Abs	Trans(%T)	Energy	Energy(100%T)	Energy(0%T)
1	600.0		0.042	90.7		37424		40021		0
2	599.0		0.038	91.6		37884		40562		0
3	598.0		0.035	92.3		38252		40943		0
4	597.0		0.031	93.1		38231		40841		0
5	596.0		0.030	93.4		37634		40226		0
6	595.0		0.030	93.4		36982		39526		0
7	594.0		0.030	93.4		36265		38775		0
8	593.0		0.030	93.4		35449		37888		0
9	592.0		0.030	93.4		34578		36966		0
10	591.0		0.030	93.3		33678		36024		0
11	590.0		0.030	93.3		32730		35007		0
12	589.0		0.030	93.3		31814		34076		0
13	588.0		0.030	93.3		30991		33140		0
14	587.0		0.030	93.2		30159		32282		0
15	586.0		0.031	93.2		29412		31472		0
16	585.0		0.031	93.2		28682		30712		0
17	584.0		0.031	93.1		27948		29960		0
18	583.0		0.031	93.1		27314		29270		0
19	582.0		0.031	93.1		26725		28645		0
20	581.0		0.031	93.1		26188		28073		0
21	580.0		0.031	93.1		25692		27578		0
22	579.0		0.031	93.0		25280		27134		0
23	578.0		0.032	93.0		24918		26760		0
24	577.0		0.032	93.0		24624		26468		0
25	576.0		0.032	92.9		24426		26257		0
26	575.0		0.032	92.9		24302		26131		0
27	574.0		0.032	92.9		24247		26079		0
28	573.0		0.032	92.9		24277		26126		0
29	572.0		0.032	92.9		24415		26263		0
30	571.0		0.032	92.8		24675		26561		0
31	570.0		0.032	92.8		25128		27078		0
32	569.0		0.032	92.8		25949		27977		0
33	568.0		0.033	92.8		27033		29084		0
34	567.0		0.033	92.8		28016		30202		0
35	566.0		0.033	92.7		28713		30962		0
36	565.0		0.033	92.7		29237		31510		0
37	564.0		0.033	92.7		29631		31952		0
38	563.0		0.033	92.6		29886		32253		0
39	562.0		0.033	92.6		30041		32427		0
40	561.0		0.033	92.6		30076		32468		0
41	560.0		0.033	92.6		29967		32362		0
42	559.0		0.034	92.6		29723		32104		0
43	558.0		0.034	92.5		29346		31702		0
44	557.0		0.034	92.5		28822		31162		0
45	556.0		0.034	92.4		28178		30464		0
46	555.0		0.034	92.4		27392		29672		0
47	554.0		0.034	92.4		26508		28694		0
48	553.0		0.035	92.3		25600		27705		0
49	552.0		0.035	92.3		24656		26762		0
50	551.0		0.035	92.2		23823		25839		0
51	550.0		0.035	92.2		22928		24904		0
52	549.0		0.036	92.1		23897		25928		0
53	548.0		0.036	92.1		23378		25383		0
54	547.0		0.036	92.0		22831		24811		0
55	546.0		0.037	91.9		22346		24282		0
56	545.0		0.037	91.9		21818		23743		0
57	544.0		0.037	91.8		21363		23275		0
58	543.0		0.037	91.8		21159		23057		0
59	542.0		0.038	91.7		21138		23057		0
60	541.0		0.038	91.7		21106		23031		0
61	540.0		0.038	91.6		21044		22980		0
62	539.0		0.039	91.5		20969		22909		0
63	538.0		0.039	91.4		20874		22829		0
64	537.0		0.039	91.3		20759		22723		0
65	536.0		0.040	91.2		20632		22607		0
66	535.0		0.040	91.2		20504		22478		0
67	534.0		0.041	91.1		20364		22356		0
68	533.0		0.041	91.0		20213		22210		0
69	532.0		0.041	90.9		20056		22053		0
70	531.0		0.042	90.8		19896		21897		0
71	530.0		0.042	90.7		19727		21745		0
72	529.0		0.043	90.6		19572		21603		0
73	528.0		0.043	90.5		19428		21467		0
74	527.0		0.044	90.4		19272		21321		0
75	526.0		0.044	90.3		19122		21176		0
76	525.0		0.045	90.2		18951		21022		0
77	524.0		0.046	90.0		18792		20870		0
78	523.0		0.046	89.9		18630		20717		0
79	522.0		0.047	89.8		18473		20560		0
80	521.0		0.047	89.7		18310		20419		0
81	520.0		0.048	89.5		18158		20279		0
82	519.0		0.049	89.4		17997		20130		0
83	518.0		0.050	89.2		17828		19983		0
84	517.0		0.050	89.0		17660		19836		0
85	516.0		0.051	88.9		17506		19696		0
86	515.0		0.052	88.7		17352		19551		0
87	514.0		0.053	88.6		17204		19417		0
88	513.0		0.054	88.4		17039		19278		0
89	512.0		0.054	88.2		16885		19132		0
90	511.0		0.055	88.1		16729		18997		0
91	510.0		0.056	87.9		16593		18875		0
92	509.0		0.057	87.7		16454		18758		0
93	508.0		0.058	87.5		16312		18639		0
94	507.0		0.059	87.3		16162		18506		0
95	506.0		0.060	87.1		16004		18379		0
96	505.0		0.061	86.9		15853		18250		0
97	504.0		0.062	86.7		15715		18119		0
98	503.0		0.063	86.5		15569		17998		0
99	502.0		0.064	86.3		15432		17879		0
100	501.0		0.065	86.1		15297		17769		0
101	500.0		0.066	85.9		15165		17655		0
102	499.0		0.067	85.7		15035		17550		0
103	498.0		0.068	85.4		14902		17442		0
104	497.0		0.069	85.2		29851		35027		0
105	496.0		0.071	85.0		29572		34799		0
106	495.0		0.072	84.7		29274		34552		0
107	494.0		0.073	84.5		28963		34294		0
108	493.0		0.075	84.2		28658		34041		0
109	492.0		0.076	84.0		28375		33801		0
110	491.0		0.077	83.7		28101		33584		0
111	490.0		0.079	83.5		27852		33382		0
112	489.0		0.080	83.2		27598		33181		0
113	488.0		0.081	82.9		27334		32958		0
114	487.0		0.083	82.7		27084		32748		0
115	486.0		0.084	82.4		26830		32553		0
116	485.0		0.085	82.2		26571		32335		0
117	484.0		0.087	81.9		26293		32121		0
118	483.0		0.088	81.6		26000		31871		0
119	482.0		0.090	81.3		25706		31635		0
120	481.0		0.092	81.0		25431		31404		0
121	480.0		0.093	80.7		25172		31188		0
122	479.0		0.095	80.4		24916		31000		0
123	478.0		0.096	80.1		24673		30800		0
124	477.0		0.098	79.8		24399		30583		0
125	476.0		0.100	79.5		24132		30362		0
126	475.0		0.101	79.2		23860		30134		0
127	474.0		0.103	78.9		23585		29911		0
128	473.0		0.105	78.6		23318		29670		0
129	472.0		0.107	78.2		23008		29416		0
130	471.0		0.109	77.9		22714		29174		0
131	470.0		0.110	77.5		22401		28911		0
132	469.0		0.112	77.2		22120		28663		0
133	468.0		0.114	76.8		21820		28406		0
134	467.0		0.116	76.5		21526		28152		0
135	466.0		0.118	76.2		21229		27890		0
136	465.0		0.120	75.8		20920		27610		0
137	464.0		0.122	75.5		20604		27320		0
138	463.0		0.124	75.1		20297		27014		0
139	462.0		0.126	74.8		19963		26705		0
140	461.0		0.128	74.4		19628		26372		0
141	460.0		0.130	74.1		19290		26057		0
142	459.0		0.133	73.7		18926		25692		0
143	458.0		0.135	73.3		18561		25315		0
144	457.0		0.137	72.9		18166		24925		0
145	456.0		0.139	72.5		17810		24564		0
146	455.0		0.142	72.2		17441		24182		0
147	454.0		0.144	71.8		17094		23812		0
148	453.0		0.146	71.5		16740		23408		0
149	452.0		0.148	71.1		16351		23005		0
150	451.0		0.150	70.8		16005		22615		0
151	450.0		0.152	70.4		15653		22229		0
152	449.0		0.155	70.0		15316		21863		0
153	448.0		0.157	69.7		14969		21472		0
154	447.0		0.159	69.3		14594		21078		0
155	446.0		0.162	68.9		14233		20661		0
156	445.0		0.164	68.6		13901		20288		0
157	444.0		0.166	68.2		13589		19933		0
158	443.0		0.168	67.9		13300		19612		0
159	442.0		0.170	67.5		13041		19312		0
160	441.0		0.173	67.2		12780		19017		0
161	440.0		0.175	66.9		12533		18748		0
162	439.0		0.177	66.5		12310		18514		0
163	438.0		0.179	66.2		12109		18276		0
164	437.0		0.181	65.9		11888		18058		0
165	436.0		0.183	65.6		11680		17809		0
166	435.0		0.186	65.2		11451		17573		0
167	434.0		0.188	64.9		11226		17297		0
168	433.0		0.190	64.6		22372		34653		0
169	432.0		0.192	64.3		21931		34152		0
170	431.0		0.194	64.0		21497		33610		0
171	430.0		0.195	63.8		21078		33101		0
172	429.0		0.197	63.6		21303		33528		0
173	428.0		0.198	63.4		21302		33660		0
174	427.0		0.200	63.1		21284		33786		0
175	426.0		0.202	62.8		21252		33884		0
176	425.0		0.204	62.6		21206		33967		0
177	424.0		0.206	62.3		21154		34028		0
178	423.0		0.208	62.0		21072		34059		0
179	422.0		0.210	61.7		20979		34064		0
180	421.0		0.212	61.4		20871		34044		0
181	420.0		0.214	61.1		20754		33997		0
182	419.0		0.216	60.9		20623		33938		0
183	418.0		0.217	60.6		20488		33845		0
184	417.0		0.219	60.4		20325		33732		0
185	416.0		0.221	60.1		20151		33575		0
186	415.0		0.223	59.8		19967		33413		0
187	414.0		0.225	59.6		19774		33242		0
188	413.0		0.227	59.3		19566		33036		0
189	412.0		0.229	59.1		19352		32817		0
190	411.0		0.231	58.8		19119		32550		0
191	410.0		0.232	58.6		18877		32293		0
192	409.0		0.234	58.3		18640		32018		0
193	408.0		0.236	58.0		18397		31753		0
194	407.0		0.238	57.8		18156		31452		0
195	406.0		0.240	57.6		17908		31154		0
196	405.0		0.242	57.3		17652		30834		0
197	404.0		0.244	57.1		17397		30509		0
198	403.0		0.245	56.8		17118		30158		0
199	402.0		0.247	56.6		16852		29814		0
200	401.0		0.249	56.4		16581		29458		0
201	400.0		0.251	56.1		16308		29092		0
202	399.0		0.253	55.9		16022		28693		0
203	398.0		0.255	55.6		15716		28299		0
204	397.0		0.257	55.4		15418		27882		0
205	396.0		0.258	55.1		15131		27475		0
206	395.0		0.260	54.9		14845		27061		0
207	394.0		0.262	54.7		14558		26655		0
208	393.0		0.264	54.5		14258		26217		0
209	392.0		0.266	54.2		13961		25764		0
210	391.0		0.268	54.0		13663		25327		0
211	390.0		0.269	53.8		13364		24886		0
212	389.0		0.271	53.6		13077		24444		0
213	388.0		0.273	53.3		12773		23974		0
214	387.0		0.275	53.1		12449		23472		0
215	386.0		0.277	52.8		12115		22957		0
216	385.0		0.279	52.6		11794		22442		0
217	384.0		0.281	52.4		11486		21951		0
218	383.0		0.283	52.2		11182		21460		0
219	382.0		0.285	51.9		10878		20983		0
220	381.0		0.286	51.7		10587		20484		0
221	380.0		0.288	51.5		10284		19979		0
222	379.0		0.290	51.3		9987		19511		0
223	378.0		0.292	51.1		9709		19034		0
224	377.0		0.294	50.8		9430		18568		0
225	376.0		0.296	50.6		9142		18088		0
226	375.0		0.298	50.4		8853		17576		0
227	374.0		0.300	50.2		8561		17094		0
228	373.0		0.301	50.0		16873		33790		0
229	372.0		0.303	49.7		16364		32903		0
230	371.0		0.307	49.3		15886		32108		0
231	370.0		0.312	48.8		15446		31352		0
232	369.0		0.320	47.9		8392		17763		0
233	368.0		0.325	47.3		8520		18122		0
234	367.0		0.329	46.9		8616		18428		0
235	366.0		0.332	46.6		8686		18660		0
236	365.0		0.334	46.4		8728		18857		0
237	364.0		0.336	46.1		8749		19012		0
238	363.0		0.339	45.8		8747		19122		0
239	362.0		0.342	45.5		8722		19182		0
240	361.0		0.344	45.3		8682		19208		0
241	360.0		0.347	45.0		8626		19198		0
242	359.0		0.349	44.7		8558		19151		0
243	358.0		0.352	44.5		8473		19076		0
244	357.0		0.354	44.2		8370		18952		0
245	356.0		0.357	44.0		8249		18794		0
246	355.0		0.360	43.7		8120		18593		0
247	354.0		0.362	43.4		7963		18365		0
248	353.0		0.365	43.2		7796		18084		0
249	352.0		0.368	42.9		7608		17756		0
250	351.0		0.371	42.6		7399		17388		0
251	350.0		0.374	42.3		7167		16973		0
252	349.0		0.376	42.0		14448		34406		0
253	348.0		0.379	41.8		13968		33498		0
254	347.0		0.382	41.5		13515		32624		0
255	346.0		0.385	41.2		13069		31751		0
256	345.0		0.388	40.9		12633		30879		0
257	344.0		0.391	40.7		12200		30004		0
258	343.0		0.394	40.4		11755		29190		0
259	342.0		0.397	40.1		11366		28404		0
260	341.0		0.400	39.8		10990		27632		0
261	340.0		0.403	39.5		10626		26945		0
262	339.0		0.406	39.3		8622		26418		0
263	338.0		0.409	39.0		8648		26715		0
264	337.0		0.412	38.7		8678		27038		0
265	336.0		0.416	38.4		8682		27342		0
266	335.0		0.419	38.1		8696		27594		0
267	334.0		0.423	37.8		8745		27782		0
268	333.0		0.426	37.5		8752		27962		0
269	332.0		0.430	37.2		8770		28427		0
270	331.0		0.433	36.9		8800		28931		0
271	330.0		0.437	36.6		8820		29101		0
272	329.0		0.441	36.3		8841		29194		0
273	328.0		0.444	35.9		8858		29577		0
274	327.0		0.448	35.6		8903		29966		0
275	326.0		0.452	35.3		8942		30411		0
276	325.0		0.456	35.0		8951		30817		0
277	324.0		0.460	34.6		8980		31127		0
278	323.0		0.465	34.3		9010		31271		0
279	322.0		0.469	34.0		9031		31688		0
280	321.0		0.473	33.7		9025		32139		0
281	320.0		0.477	33.3		9025		32333		0
282	319.0		0.481	33.0		4335		15735		0
283	318.0		0.486	32.7		9046		33115		0
284	317.0		0.490	32.3		4346		16118		0
285	316.0		0.495	32.0		4339		16300		0
286	315.0		0.501	31.6		4331		16438		0
287	314.0		0.506	31.2		4321		16591		0
288	313.0		0.511	30.8		4320		16726		0
289	312.0		0.516	30.5		4305		16867		0
290	311.0		0.521	30.1		4281		16960		0
291	310.0		0.526	29.8		4278		17109		0
292	309.0		0.531	29.5		4267		17303		0
293	308.0		0.536	29.1		4252		17410		0
294	307.0		0.541	28.8		4233		17497		0
295	306.0		0.547	28.4		4199		17706		0
296	305.0		0.553	28.0		4164		17677		0
297	304.0		0.559	27.6		4125		17792		0
298	303.0		0.565	27.2		4080		17860		0
299	302.0		0.572	26.8		4035		17957		0
300	301.0		0.577	26.5		3996		18066		0
301	300.0		0.581	26.3		3946		18076		0
