23MS266.wls
Scan Wavelength: 300.0 nm - 600.0 nm  Test Mode: Abs Mode  Test Time:25-10-2024 15:27:20
Peak/Valley Data Record
No.	Wavelength(nm)	Abs	Trans(%T)	Energy	Energy(100%T)	Energy(0%T)
No Peak/Valley Data.
Wavelength Scan Data Record
No.	Wavelength(nm)	Abs	Trans(%T)	Energy	Energy(100%T)	Energy(0%T)
1	600.0		0.037	91.9		38310		40410		0
2	599.0		0.033	92.8		38788		40895		0
3	598.0		0.029	93.5		39125		41250		0
4	597.0		0.025	94.4		39209		41317		0
5	596.0		0.023	94.7		38616		40714		0
6	595.0		0.023	94.9		37948		39996		0
7	594.0		0.023	94.9		37218		39252		0
8	593.0		0.023	94.9		36429		38405		0
9	592.0		0.023	94.9		35538		37444		0
10	591.0		0.023	94.8		34563		36494		0
11	590.0		0.023	94.8		33638		35449		0
12	589.0		0.023	94.8		32712		34478		0
13	588.0		0.023	94.8		31846		33584		0
14	587.0		0.023	94.8		30978		32727		0
15	586.0		0.023	94.8		30210		31880		0
16	585.0		0.023	94.7		29456		31092		0
17	584.0		0.023	94.7		28745		30334		0
18	583.0		0.024	94.7		28066		29632		0
19	582.0		0.024	94.7		27446		29003		0
20	581.0		0.024	94.7		26935		28422		0
21	580.0		0.024	94.7		26411		27931		0
22	579.0		0.024	94.6		25988		27473		0
23	578.0		0.024	94.6		25616		27076		0
24	577.0		0.024	94.6		25320		26781		0
25	576.0		0.024	94.6		25111		26566		0
26	575.0		0.024	94.6		24978		26437		0
27	574.0		0.024	94.5		24919		26386		0
28	573.0		0.025	94.5		24945		26424		0
29	572.0		0.025	94.5		25085		26569		0
30	571.0		0.025	94.5		25356		26844		0
31	570.0		0.025	94.5		25807		27356		0
32	569.0		0.025	94.4		26624		28226		0
33	568.0		0.025	94.4		27708		29424		0
34	567.0		0.025	94.4		28750		30483		0
35	566.0		0.025	94.4		29463		31272		0
36	565.0		0.025	94.4		30028		31852		0
37	564.0		0.025	94.4		30420		32267		0
38	563.0		0.025	94.3		30709		32580		0
39	562.0		0.025	94.3		30857		32758		0
40	561.0		0.026	94.3		30892		32798		0
41	560.0		0.026	94.3		30797		32701		0
42	559.0		0.026	94.2		30546		32446		0
43	558.0		0.026	94.2		30163		32042		0
44	557.0		0.026	94.1		29631		31497		0
45	556.0		0.026	94.1		28962		30798		0
46	555.0		0.027	94.0		28155		29943		0
47	554.0		0.027	94.0		27278		28992		0
48	553.0		0.027	94.0		26278		27978		0
49	552.0		0.027	93.9		25341		27009		0
50	551.0		0.028	93.9		24443		26062		0
51	550.0		0.028	93.8		23566		25128		0
52	549.0		0.028	93.7		24597		26273		0
53	548.0		0.028	93.7		24060		25718		0
54	547.0		0.029	93.6		23525		25145		0
55	546.0		0.029	93.6		22997		24610		0
56	545.0		0.029	93.5		22452		24049		0
57	544.0		0.030	93.4		22022		23569		0
58	543.0		0.030	93.4		21778		23349		0
59	542.0		0.030	93.3		21749		23348		0
60	541.0		0.031	93.2		21715		23327		0
61	540.0		0.031	93.1		21647		23275		0
62	539.0		0.031	93.1		21571		23203		0
63	538.0		0.032	93.0		21472		23117		0
64	537.0		0.032	92.9		21361		23014		0
65	536.0		0.032	92.8		21232		22894		0
66	535.0		0.033	92.7		21096		22765		0
67	534.0		0.033	92.6		20955		22638		0
68	533.0		0.034	92.5		20800		22491		0
69	532.0		0.034	92.4		20625		22338		0
70	531.0		0.035	92.3		20458		22178		0
71	530.0		0.035	92.2		20292		22021		0
72	529.0		0.036	92.1		20130		21879		0
73	528.0		0.036	92.0		19975		21738		0
74	527.0		0.037	91.9		19819		21589		0
75	526.0		0.037	91.7		19650		21448		0
76	525.0		0.038	91.6		19481		21289		0
77	524.0		0.039	91.5		19314		21130		0
78	523.0		0.039	91.3		19142		20983		0
79	522.0		0.040	91.2		18972		20828		0
80	521.0		0.041	91.0		18808		20686		0
81	520.0		0.042	90.9		18640		20535		0
82	519.0		0.043	90.7		18468		20388		0
83	518.0		0.044	90.5		18287		20243		0
84	517.0		0.044	90.3		18107		20092		0
85	516.0		0.045	90.1		17947		19945		0
86	515.0		0.047	89.8		17773		19802		0
87	514.0		0.048	89.6		17607		19664		0
88	513.0		0.049	89.4		17432		19523		0
89	512.0		0.050	89.1		17262		19378		0
90	511.0		0.051	88.9		17089		19244		0
91	510.0		0.052	88.6		16928		19118		0
92	509.0		0.054	88.4		16772		18997		0
93	508.0		0.055	88.1		16607		18874		0
94	507.0		0.057	87.8		16431		18736		0
95	506.0		0.058	87.5		16253		18603		0
96	505.0		0.060	87.1		16079		18474		0
97	504.0		0.062	86.8		15902		18350		0
98	503.0		0.063	86.4		15726		18230		0
99	502.0		0.065	86.0		15566		18109		0
100	501.0		0.067	85.7		15392		17997		0
101	500.0		0.069	85.3		15229		17879		0
102	499.0		0.071	84.8		15058		17774		0
103	498.0		0.074	84.4		30096		35694		0
104	497.0		0.076	84.0		14724		17551		0
105	496.0		0.078	83.5		29394		35231		0
106	495.0		0.081	83.0		29009		34972		0
107	494.0		0.084	82.5		28586		34721		0
108	493.0		0.087	81.9		28194		34460		0
109	492.0		0.090	81.3		27824		34231		0
110	491.0		0.093	80.8		27439		34002		0
111	490.0		0.096	80.2		27081		33792		0
112	489.0		0.099	79.6		26721		33589		0
113	488.0		0.102	79.0		26350		33376		0
114	487.0		0.106	78.4		25961		33167		0
115	486.0		0.109	77.8		25588		32957		0
116	485.0		0.113	77.1		25211		32740		0
117	484.0		0.117	76.4		24814		32514		0
118	483.0		0.121	75.6		24374		32268		0
119	482.0		0.126	74.8		23919		32035		0
120	481.0		0.130	74.1		23518		31795		0
121	480.0		0.135	73.3		23120		31585		0
122	479.0		0.140	72.5		22721		31379		0
123	478.0		0.144	71.7		22331		31172		0
124	477.0		0.149	70.9		21910		30960		0
125	476.0		0.154	70.1		21501		30727		0
126	475.0		0.160	69.3		21096		30492		0
127	474.0		0.165	68.4		20679		30270		0
128	473.0		0.170	67.5		20260		30016		0
129	472.0		0.176	66.6		19828		29768		0
130	471.0		0.182	65.7		19372		29498		0
131	470.0		0.188	64.8		18919		29246		0
132	469.0		0.194	63.9		18494		28976		0
133	468.0		0.200	63.0		18078		28720		0
134	467.0		0.206	62.2		17668		28460		0
135	466.0		0.212	61.3		17261		28197		0
136	465.0		0.218	60.5		16852		27906		0
137	464.0		0.225	59.6		16440		27615		0
138	463.0		0.231	58.8		16022		27309		0
139	462.0		0.237	58.0		15624		27003		0
140	461.0		0.243	57.2		15232		26663		0
141	460.0		0.249	56.3		14808		26343		0
142	459.0		0.256	55.5		14383		25969		0
143	458.0		0.262	54.7		13958		25582		0
144	457.0		0.269	53.9		13544		25193		0
145	456.0		0.275	53.1		13156		24827		0
146	455.0		0.281	52.4		12782		24436		0
147	454.0		0.287	51.7		12407		24052		0
148	453.0		0.292	51.0		12051		23651		0
149	452.0		0.298	50.4		11682		23261		0
150	451.0		0.303	49.7		11347		22853		0
151	450.0		0.309	49.1		11016		22464		0
152	449.0		0.314	48.5		10704		22069		0
153	448.0		0.320	47.9		10373		21691		0
154	447.0		0.325	47.3		10043		21286		0
155	446.0		0.330	46.7		9727		20864		0
156	445.0		0.336	46.2		9447		20481		0
157	444.0		0.340	45.7		9173		20119		0
158	443.0		0.345	45.2		8923		19803		0
159	442.0		0.350	44.7		8702		19488		0
160	441.0		0.354	44.2		8488		19198		0
161	440.0		0.359	43.8		8276		18930		0
162	439.0		0.363	43.4		8088		18680		0
163	438.0		0.367	43.0		7908		18438		0
164	437.0		0.371	42.6		7733		18203		0
165	436.0		0.375	42.2		7570		17968		0
166	435.0		0.379	41.8		7388		17726		0
167	434.0		0.383	41.4		14674		35498		0
168	433.0		0.387	41.0		14315		34967		0
169	432.0		0.391	40.7		13981		34435		0
170	431.0		0.393	40.4		13657		33929		0
171	430.0		0.396	40.2		13344		33405		0
172	429.0		0.397	40.1		13612		33850		0
173	428.0		0.399	39.9		13569		33994		0
174	427.0		0.401	39.7		13517		34114		0
175	426.0		0.405	39.4		13461		34222		0
176	425.0		0.408	39.1		13391		34298		0
177	424.0		0.411	38.8		13320		34364		0
178	423.0		0.414	38.5		13231		34405		0
179	422.0		0.418	38.2		13131		34412		0
180	421.0		0.421	37.9		13026		34391		0
181	420.0		0.424	37.7		12914		34354		0
182	419.0		0.427	37.4		12802		34286		0
183	418.0		0.430	37.1		12678		34199		0
184	417.0		0.433	36.9		12546		34083		0
185	416.0		0.436	36.6		12405		33949		0
186	415.0		0.439	36.4		12261		33785		0
187	414.0		0.443	36.1		12107		33608		0
188	413.0		0.446	35.8		11952		33403		0
189	412.0		0.449	35.6		11773		33180		0
190	411.0		0.452	35.3		11593		32927		0
191	410.0		0.456	35.0		11413		32644		0
192	409.0		0.459	34.7		11224		32372		0
193	408.0		0.462	34.5		11045		32091		0
194	407.0		0.466	34.2		10865		31804		0
195	406.0		0.469	34.0		10682		31496		0
196	405.0		0.472	33.7		10497		31182		0
197	404.0		0.476	33.5		10302		30830		0
198	403.0		0.479	33.2		10105		30486		0
199	402.0		0.482	32.9		9918		30128		0
200	401.0		0.486	32.7		9716		29777		0
201	400.0		0.489	32.4		9519		29412		0
202	399.0		0.493	32.1		9311		29009		0
203	398.0		0.497	31.9		9092		28598		0
204	397.0		0.500	31.6		8894		28180		0
205	396.0		0.504	31.3		8691		27790		0
206	395.0		0.508	31.1		8490		27359		0
207	394.0		0.511	30.8		8292		26949		0
208	393.0		0.515	30.6		8088		26512		0
209	392.0		0.518	30.3		7889		26058		0
210	391.0		0.522	30.1		7690		25604		0
211	390.0		0.525	29.8		7493		25166		0
212	389.0		0.529	29.6		7305		24730		0
213	388.0		0.533	29.3		7095		24245		0
214	387.0		0.536	29.1		6888		23725		0
215	386.0		0.540	28.8		6672		23194		0
216	385.0		0.544	28.6		6468		22680		0
217	384.0		0.548	28.3		6271		22181		0
218	383.0		0.551	28.1		6083		21674		0
219	382.0		0.555	27.9		5895		21189		0
220	381.0		0.558	27.7		5718		20696		0
221	380.0		0.562	27.4		5532		20184		0
222	379.0		0.565	27.2		5352		19701		0
223	378.0		0.569	27.0		5187		19224		0
224	377.0		0.572	26.8		5014		18751		0
225	376.0		0.576	26.6		4844		18270		0
226	375.0		0.579	26.4		4667		17752		0
227	374.0		0.582	26.2		9170		35099		0
228	373.0		0.586	26.0		8840		34129		0
229	372.0		0.589	25.8		8546		33253		0
230	371.0		0.598	25.2		8273		32436		0
231	370.0		0.611	24.5		8021		31666		0
232	369.0		0.633	23.3		4000		17854		0
233	368.0		0.647	22.5		4036		18236		0
234	367.0		0.659	21.9		4058		18544		0
235	366.0		0.664	21.7		4066		18787		0
236	365.0		0.669	21.4		4061		18988		0
237	364.0		0.674	21.2		4045		19140		0
238	363.0		0.680	20.9		4016		19262		0
239	362.0		0.685	20.6		3980		19324		0
240	361.0		0.691	20.4		3932		19347		0
241	360.0		0.696	20.1		3882		19334		0
242	359.0		0.702	19.9		3826		19289		0
243	358.0		0.707	19.6		3766		19213		0
244	357.0		0.713	19.4		3693		19091		0
245	356.0		0.718	19.1		3614		18931		0
246	355.0		0.724	18.9		3535		18737		0
247	354.0		0.729	18.7		3444		18501		0
248	353.0		0.735	18.4		3349		18203		0
249	352.0		0.741	18.2		3245		17892		0
250	351.0		0.746	17.9		3131		17506		0
251	350.0		0.752	17.7		3017		17094		0
252	349.0		0.758	17.5		6033		34614		0
253	348.0		0.764	17.2		5800		33749		0
254	347.0		0.770	17.0		5568		32843		0
255	346.0		0.776	16.8		5342		31976		0
256	345.0		0.782	16.5		5132		31071		0
257	344.0		0.788	16.3		4917		30197		0
258	343.0		0.794	16.1		4706		29360		0
259	342.0		0.800	15.9		4515		28557		0
260	341.0		0.807	15.6		4336		27793		0
261	340.0		0.814	15.4		4161		27055		0
262	339.0		0.822	15.1		3721		20677		0
263	338.0		0.829	14.8		3700		20859		0
264	337.0		0.837	14.6		3688		21121		0
265	336.0		0.844	14.3		3672		21326		0
266	335.0		0.850	14.1		3654		21496		0
267	334.0		0.857	13.9		3635		21631		0
268	333.0		0.864	13.7		3610		21794		0
269	332.0		0.872	13.4		3584		22026		0
270	331.0		0.879	13.2		3562		23200		0
271	330.0		0.886	13.0		3544		23354		0
272	329.0		0.893	12.8		3534		23716		0
273	328.0		0.901	12.6		3527		24082		0
274	327.0		0.909	12.3		3510		24470		0
275	326.0		0.917	12.1		3484		24847		0
276	325.0		0.926	11.9		3454		25236		0
277	324.0		0.934	11.6		3428		25594		0
278	323.0		0.942	11.4		3408		25910		0
279	322.0		0.951	11.2		3380		26288		0
280	321.0		0.959	11.0		3345		26669		0
281	320.0		0.968	10.8		3321		27085		0
282	319.0		0.977	10.6		3300		27481		0
283	318.0		0.985	10.3		3263		28127		0
284	317.0		0.994	10.1		3227		28172		0
285	316.0		1.004	9.9		3188		28524		0
286	315.0		1.014	9.7		3151		28914		0
287	314.0		1.024	9.5		1492		14042		0
288	313.0		1.035	9.2		3074		29474		0
289	312.0		1.046	9.0		1451		14228		0
290	311.0		1.056	8.8		1432		14293		0
291	310.0		1.066	8.6		1414		14362		0
292	309.0		1.076	8.4		1392		14505		0
293	308.0		1.087	8.2		1366		14600		0
294	307.0		1.098	8.0		1343		14688		0
295	306.0		1.109	7.8		1316		14807		0
296	305.0		1.120	7.6		1289		14878		0
297	304.0		1.132	7.4		1265		14902		0
298	303.0		1.145	7.2		1237		14485		0
299	302.0		1.157	7.0		1206		13791		0
300	301.0		1.167	6.8		1173		14006		0
301	300.0		1.176	6.7		1143		14108		0
