23MS122.wls
Scan Wavelength: 300.0 nm - 600.0 nm  Test Mode: Abs Mode  Test Time:29-10-2024 14:52:43
Peak/Valley Data Record
No.	Wavelength(nm)	Abs	Trans(%T)	Energy	Energy(100%T)	Energy(0%T)
No Peak/Valley Data.
Wavelength Scan Data Record
No.	Wavelength(nm)	Abs	Trans(%T)	Energy	Energy(100%T)	Energy(0%T)
1	600.0		0.024	94.7		39095		40021		0
2	599.0		0.020	95.6		39567		40562		0
3	598.0		0.016	96.4		39920		40943		0
4	597.0		0.012	97.2		39922		40841		0
5	596.0		0.011	97.5		39318		40226		0
6	595.0		0.011	97.6		38638		39526		0
7	594.0		0.011	97.6		37868		38775		0
8	593.0		0.011	97.6		37009		37888		0
9	592.0		0.011	97.6		36109		36966		0
10	591.0		0.011	97.6		35190		36024		0
11	590.0		0.011	97.6		34217		35007		0
12	589.0		0.011	97.5		33243		34076		0
13	588.0		0.011	97.5		32390		33140		0
14	587.0		0.011	97.5		31527		32282		0
15	586.0		0.011	97.5		30744		31472		0
16	585.0		0.011	97.4		29963		30712		0
17	584.0		0.011	97.4		29216		29960		0
18	583.0		0.011	97.4		28550		29270		0
19	582.0		0.011	97.4		27930		28645		0
20	581.0		0.011	97.4		27389		28073		0
21	580.0		0.011	97.4		26871		27578		0
22	579.0		0.012	97.4		26455		27134		0
23	578.0		0.012	97.4		26084		26760		0
24	577.0		0.012	97.3		25780		26468		0
25	576.0		0.012	97.3		25567		26257		0
26	575.0		0.012	97.3		25434		26131		0
27	574.0		0.012	97.3		25382		26079		0
28	573.0		0.012	97.2		25419		26126		0
29	572.0		0.012	97.2		25556		26263		0
30	571.0		0.012	97.2		25836		26561		0
31	570.0		0.013	97.1		26316		27078		0
32	569.0		0.013	97.1		27176		27977		0
33	568.0		0.013	97.1		28295		29084		0
34	567.0		0.013	97.0		29293		30202		0
35	566.0		0.013	97.0		30045		30962		0
36	565.0		0.013	97.0		30587		31510		0
37	564.0		0.013	97.0		31001		31952		0
38	563.0		0.014	96.9		31274		32253		0
39	562.0		0.014	96.9		31434		32427		0
40	561.0		0.014	96.9		31460		32468		0
41	560.0		0.014	96.8		31353		32362		0
42	559.0		0.014	96.8		31101		32104		0
43	558.0		0.014	96.8		30700		31702		0
44	557.0		0.014	96.7		30157		31162		0
45	556.0		0.015	96.7		29488		30464		0
46	555.0		0.015	96.6		28651		29672		0
47	554.0		0.015	96.6		27740		28694		0
48	553.0		0.015	96.6		26746		27705		0
49	552.0		0.015	96.5		25823		26762		0
50	551.0		0.016	96.5		24905		25839		0
51	550.0		0.016	96.4		24001		24904		0
52	549.0		0.016	96.3		24991		25928		0
53	548.0		0.016	96.3		24444		25383		0
54	547.0		0.017	96.2		23896		24811		0
55	546.0		0.017	96.2		23361		24282		0
56	545.0		0.017	96.1		22814		23743		0
57	544.0		0.018	96.0		22356		23275		0
58	543.0		0.018	96.0		22136		23057		0
59	542.0		0.018	95.9		22110		23057		0
60	541.0		0.019	95.8		22069		23031		0
61	540.0		0.019	95.7		22004		22980		0
62	539.0		0.019	95.6		21920		22909		0
63	538.0		0.020	95.5		21816		22829		0
64	537.0		0.020	95.4		21693		22723		0
65	536.0		0.021	95.3		21555		22607		0
66	535.0		0.021	95.2		21415		22478		0
67	534.0		0.022	95.1		21269		22356		0
68	533.0		0.022	95.0		21107		22210		0
69	532.0		0.023	94.9		20942		22053		0
70	531.0		0.023	94.8		20766		21897		0
71	530.0		0.024	94.6		20584		21745		0
72	529.0		0.025	94.5		20414		21603		0
73	528.0		0.025	94.3		20252		21467		0
74	527.0		0.026	94.2		20086		21321		0
75	526.0		0.027	94.0		19917		21176		0
76	525.0		0.027	93.9		19744		21022		0
77	524.0		0.028	93.7		19556		20870		0
78	523.0		0.029	93.6		19376		20717		0
79	522.0		0.030	93.4		19206		20560		0
80	521.0		0.030	93.3		19050		20419		0
81	520.0		0.031	93.1		18872		20279		0
82	519.0		0.032	92.9		18699		20130		0
83	518.0		0.033	92.7		18516		19983		0
84	517.0		0.034	92.5		18343		19836		0
85	516.0		0.035	92.3		18177		19696		0
86	515.0		0.036	92.1		18002		19551		0
87	514.0		0.037	91.9		17841		19417		0
88	513.0		0.038	91.6		17666		19278		0
89	512.0		0.039	91.4		17490		19132		0
90	511.0		0.040	91.2		17333		18997		0
91	510.0		0.041	91.0		17176		18875		0
92	509.0		0.042	90.7		17030		18758		0
93	508.0		0.043	90.5		16866		18639		0
94	507.0		0.045	90.2		16698		18506		0
95	506.0		0.046	89.9		16526		18379		0
96	505.0		0.047	89.7		16362		18250		0
97	504.0		0.049	89.4		16202		18119		0
98	503.0		0.050	89.1		16044		17998		0
99	502.0		0.051	88.9		15892		17879		0
100	501.0		0.053	88.6		15738		17769		0
101	500.0		0.054	88.3		15583		17655		0
102	499.0		0.056	88.0		15439		17550		0
103	498.0		0.057	87.7		15296		17442		0
104	497.0		0.058	87.4		30616		35027		0
105	496.0		0.060	87.1		30310		34799		0
106	495.0		0.062	86.8		29969		34552		0
107	494.0		0.063	86.4		29636		34294		0
108	493.0		0.065	86.1		29307		34041		0
109	492.0		0.067	85.8		28972		33801		0
110	491.0		0.068	85.4		28675		33584		0
111	490.0		0.070	85.1		28393		33382		0
112	489.0		0.072	84.7		28112		33181		0
113	488.0		0.074	84.4		27818		32958		0
114	487.0		0.075	84.1		27526		32748		0
115	486.0		0.077	83.7		27249		32553		0
116	485.0		0.079	83.3		26956		32335		0
117	484.0		0.081	83.0		26648		32121		0
118	483.0		0.083	82.6		26327		31871		0
119	482.0		0.085	82.2		25995		31635		0
120	481.0		0.087	81.8		25686		31404		0
121	480.0		0.089	81.4		25388		31188		0
122	479.0		0.092	81.0		25106		31000		0
123	478.0		0.094	80.6		24832		30800		0
124	477.0		0.096	80.2		24535		30583		0
125	476.0		0.098	79.8		24238		30362		0
126	475.0		0.100	79.4		23932		30134		0
127	474.0		0.102	79.0		23633		29911		0
128	473.0		0.105	78.6		23321		29670		0
129	472.0		0.107	78.2		22993		29416		0
130	471.0		0.109	77.7		22675		29174		0
131	470.0		0.112	77.3		22334		28911		0
132	469.0		0.114	76.8		22011		28663		0
133	468.0		0.117	76.4		21690		28406		0
134	467.0		0.119	76.0		21373		28152		0
135	466.0		0.122	75.5		21066		27890		0
136	465.0		0.124	75.1		20722		27610		0
137	464.0		0.127	74.6		20394		27320		0
138	463.0		0.130	74.2		20041		27014		0
139	462.0		0.132	73.8		19702		26705		0
140	461.0		0.135	73.3		19322		26372		0
141	460.0		0.138	72.8		18971		26057		0
142	459.0		0.140	72.4		18589		25692		0
143	458.0		0.143	71.9		18199		25315		0
144	457.0		0.146	71.4		17800		24925		0
145	456.0		0.149	70.9		17414		24564		0
146	455.0		0.152	70.5		17052		24182		0
147	454.0		0.155	70.0		16678		23812		0
148	453.0		0.157	69.6		16291		23408		0
149	452.0		0.160	69.1		15900		23005		0
150	451.0		0.163	68.7		15540		22615		0
151	450.0		0.166	68.3		15181		22229		0
152	449.0		0.169	67.8		14818		21863		0
153	448.0		0.172	67.3		14460		21472		0
154	447.0		0.175	66.9		14087		21078		0
155	446.0		0.178	66.4		13721		20661		0
156	445.0		0.181	66.0		13382		20288		0
157	444.0		0.184	65.5		13062		19933		0
158	443.0		0.186	65.1		12759		19612		0
159	442.0		0.189	64.7		12490		19312		0
160	441.0		0.192	64.2		12215		19017		0
161	440.0		0.195	63.8		11971		18748		0
162	439.0		0.198	63.4		11744		18514		0
163	438.0		0.201	63.0		11519		18276		0
164	437.0		0.203	62.6		11298		18058		0
165	436.0		0.206	62.2		11080		17809		0
166	435.0		0.209	61.8		10852		17573		0
167	434.0		0.212	61.4		10613		17297		0
168	433.0		0.215	61.0		21130		34653		0
169	432.0		0.217	60.6		20682		34152		0
170	431.0		0.220	60.3		20238		33610		0
171	430.0		0.222	60.0		19800		33101		0
172	429.0		0.224	59.7		20011		33528		0
173	428.0		0.226	59.4		19978		33660		0
174	427.0		0.229	59.1		19935		33786		0
175	426.0		0.231	58.7		19872		33884		0
176	425.0		0.234	58.4		19809		33967		0
177	424.0		0.236	58.0		19725		34028		0
178	423.0		0.239	57.7		19625		34059		0
179	422.0		0.242	57.3		19498		34064		0
180	421.0		0.244	57.0		19373		34044		0
181	420.0		0.247	56.7		19246		33997		0
182	419.0		0.249	56.3		19101		33938		0
183	418.0		0.252	56.0		18944		33845		0
184	417.0		0.254	55.7		18770		33732		0
185	416.0		0.256	55.4		18590		33575		0
186	415.0		0.259	55.1		18388		33413		0
187	414.0		0.261	54.8		18199		33242		0
188	413.0		0.264	54.5		17992		33036		0
189	412.0		0.266	54.2		17763		32817		0
190	411.0		0.269	53.9		17526		32550		0
191	410.0		0.271	53.6		17280		32293		0
192	409.0		0.273	53.3		17043		32018		0
193	408.0		0.276	53.0		16801		31753		0
194	407.0		0.278	52.7		16555		31452		0
195	406.0		0.281	52.4		16309		31154		0
196	405.0		0.283	52.1		16066		30834		0
197	404.0		0.285	51.9		15802		30509		0
198	403.0		0.288	51.6		15539		30158		0
199	402.0		0.290	51.3		15282		29814		0
200	401.0		0.292	51.0		15020		29458		0
201	400.0		0.295	50.7		14753		29092		0
202	399.0		0.297	50.5		14460		28693		0
203	398.0		0.300	50.2		14180		28299		0
204	397.0		0.302	49.9		13884		27882		0
205	396.0		0.304	49.6		13616		27475		0
206	395.0		0.307	49.3		13334		27061		0
207	394.0		0.309	49.1		13073		26655		0
208	393.0		0.312	48.8		12782		26217		0
209	392.0		0.314	48.5		12495		25764		0
210	391.0		0.316	48.3		12214		25327		0
211	390.0		0.319	48.0		11937		24886		0
212	389.0		0.321	47.8		11668		24444		0
213	388.0		0.323	47.5		11380		23974		0
214	387.0		0.326	47.2		11074		23472		0
215	386.0		0.328	46.9		10769		22957		0
216	385.0		0.331	46.7		10462		22442		0
217	384.0		0.333	46.4		10181		21951		0
218	383.0		0.336	46.2		9888		21460		0
219	382.0		0.338	45.9		9618		20983		0
220	381.0		0.340	45.7		9348		20484		0
221	380.0		0.343	45.4		9070		19979		0
222	379.0		0.345	45.2		8807		19511		0
223	378.0		0.347	44.9		8543		19034		0
224	377.0		0.350	44.7		8294		18568		0
225	376.0		0.352	44.4		8028		18088		0
226	375.0		0.355	44.2		7764		17576		0
227	374.0		0.357	43.9		7512		17094		0
228	373.0		0.360	43.7		14757		33790		0
229	372.0		0.362	43.5		14305		32903		0
230	371.0		0.367	43.0		13864		32108		0
231	370.0		0.373	42.3		13469		31352		0
232	369.0		0.384	41.3		7202		17763		0
233	368.0		0.391	40.6		7299		18122		0
234	367.0		0.397	40.1		7374		18428		0
235	366.0		0.400	39.8		7415		18660		0
236	365.0		0.403	39.5		7443		18857		0
237	364.0		0.406	39.2		7449		19012		0
238	363.0		0.410	38.9		7432		19122		0
239	362.0		0.413	38.6		7398		19182		0
240	361.0		0.417	38.3		7348		19208		0
241	360.0		0.420	38.0		7286		19198		0
242	359.0		0.423	37.7		7215		19151		0
243	358.0		0.427	37.4		7134		19076		0
244	357.0		0.430	37.1		7034		18952		0
245	356.0		0.434	36.9		6916		18794		0
246	355.0		0.437	36.6		6794		18593		0
247	354.0		0.440	36.3		6657		18365		0
248	353.0		0.444	36.0		6499		18084		0
249	352.0		0.448	35.7		6329		17756		0
250	351.0		0.451	35.4		6137		17388		0
251	350.0		0.455	35.1		5942		16973		0
252	349.0		0.459	34.8		11946		34406		0
253	348.0		0.463	34.5		11528		33498		0
254	347.0		0.466	34.2		11137		32624		0
255	346.0		0.470	33.9		10746		31751		0
256	345.0		0.474	33.6		10357		30879		0
257	344.0		0.478	33.3		9981		30004		0
258	343.0		0.482	33.0		9616		29190		0
259	342.0		0.486	32.7		9269		28404		0
260	341.0		0.490	32.4		8937		27632		0
261	340.0		0.494	32.1		8624		26945		0
262	339.0		0.498	31.7		7259		26418		0
263	338.0		0.503	31.4		7275		26715		0
264	337.0		0.507	31.1		7272		27038		0
265	336.0		0.512	30.8		7283		27342		0
266	335.0		0.516	30.5		7274		27594		0
267	334.0		0.520	30.2		7275		27782		0
268	333.0		0.525	29.9		7262		27962		0
269	332.0		0.529	29.6		7276		28427		0
270	331.0		0.534	29.2		7246		28931		0
271	330.0		0.539	28.9		7247		29101		0
272	329.0		0.543	28.6		7258		29194		0
273	328.0		0.548	28.3		7280		29577		0
274	327.0		0.553	28.0		7294		29966		0
275	326.0		0.559	27.6		7298		30411		0
276	325.0		0.564	27.3		7303		30817		0
277	324.0		0.569	27.0		7281		31127		0
278	323.0		0.575	26.6		7286		31271		0
279	322.0		0.580	26.3		7264		31688		0
280	321.0		0.585	26.0		7260		32139		0
281	320.0		0.590	25.7		7241		32333		0
282	319.0		0.596	25.4		3479		15735		0
283	318.0		0.601	25.0		7214		33115		0
284	317.0		0.607	24.7		3445		16118		0
285	316.0		0.614	24.3		3440		16300		0
286	315.0		0.620	24.0		3420		16438		0
287	314.0		0.627	23.6		3409		16591		0
288	313.0		0.633	23.3		3384		16726		0
289	312.0		0.640	22.9		3359		16867		0
290	311.0		0.646	22.6		3336		16960		0
291	310.0		0.652	22.3		3318		17109		0
292	309.0		0.659	21.9		3296		17303		0
293	308.0		0.665	21.6		3268		17410		0
294	307.0		0.672	21.3		3238		17497		0
295	306.0		0.679	20.9		3205		17706		0
296	305.0		0.687	20.6		3171		17677		0
297	304.0		0.694	20.2		3137		17792		0
298	303.0		0.703	19.8		3095		17860		0
299	302.0		0.711	19.5		3059		17957		0
300	301.0		0.717	19.2		3003		18066		0
301	300.0		0.722	18.9		2957		18076		0
