23MS220.wls
Scan Wavelength: 300.0 nm - 600.0 nm  Test Mode: Abs Mode  Test Time:25-10-2024 15:25:30
Peak/Valley Data Record
No.	Wavelength(nm)	Abs	Trans(%T)	Energy	Energy(100%T)	Energy(0%T)
No Peak/Valley Data.
Wavelength Scan Data Record
No.	Wavelength(nm)	Abs	Trans(%T)	Energy	Energy(100%T)	Energy(0%T)
1	600.0		0.024	94.6		39463		40410		0
2	599.0		0.020	95.5		39947		40895		0
3	598.0		0.016	96.3		40297		41250		0
4	597.0		0.012	97.2		40358		41317		0
5	596.0		0.011	97.5		39731		40714		0
6	595.0		0.010	97.7		39062		39996		0
7	594.0		0.010	97.7		38283		39252		0
8	593.0		0.010	97.6		37501		38405		0
9	592.0		0.010	97.6		36586		37444		0
10	591.0		0.010	97.6		35604		36494		0
11	590.0		0.010	97.6		34590		35449		0
12	589.0		0.010	97.6		33680		34478		0
13	588.0		0.010	97.6		32760		33584		0
14	587.0		0.011	97.6		31910		32727		0
15	586.0		0.011	97.6		31090		31880		0
16	585.0		0.011	97.6		30332		31092		0
17	584.0		0.011	97.6		29601		30334		0
18	583.0		0.011	97.6		28887		29632		0
19	582.0		0.011	97.6		28281		29003		0
20	581.0		0.011	97.5		27732		28422		0
21	580.0		0.011	97.5		27214		27931		0
22	579.0		0.011	97.5		26765		27473		0
23	578.0		0.011	97.5		26389		27076		0
24	577.0		0.011	97.5		26094		26781		0
25	576.0		0.011	97.5		25876		26566		0
26	575.0		0.011	97.5		25743		26437		0
27	574.0		0.011	97.5		25694		26386		0
28	573.0		0.011	97.5		25719		26424		0
29	572.0		0.011	97.4		25866		26569		0
30	571.0		0.011	97.4		26150		26844		0
31	570.0		0.011	97.4		26623		27356		0
32	569.0		0.011	97.4		27503		28226		0
33	568.0		0.011	97.4		28649		29424		0
34	567.0		0.011	97.4		29681		30483		0
35	566.0		0.011	97.4		30416		31272		0
36	565.0		0.011	97.4		30965		31852		0
37	564.0		0.011	97.4		31401		32267		0
38	563.0		0.012	97.4		31694		32580		0
39	562.0		0.012	97.4		31870		32758		0
40	561.0		0.012	97.4		31908		32798		0
41	560.0		0.012	97.3		31811		32701		0
42	559.0		0.012	97.3		31564		32446		0
43	558.0		0.012	97.3		31186		32042		0
44	557.0		0.012	97.3		30622		31497		0
45	556.0		0.012	97.3		29951		30798		0
46	555.0		0.012	97.3		29103		29943		0
47	554.0		0.012	97.2		28199		28992		0
48	553.0		0.012	97.2		27189		27978		0
49	552.0		0.012	97.2		26226		27009		0
50	551.0		0.012	97.2		25312		26062		0
51	550.0		0.013	97.1		24404		25128		0
52	549.0		0.013	97.1		25477		26273		0
53	548.0		0.013	97.0		24924		25718		0
54	547.0		0.013	97.0		24376		25145		0
55	546.0		0.013	97.0		23845		24610		0
56	545.0		0.014	96.9		23299		24049		0
57	544.0		0.014	96.9		22827		23569		0
58	543.0		0.014	96.8		22590		23349		0
59	542.0		0.014	96.8		22574		23348		0
60	541.0		0.014	96.7		22541		23327		0
61	540.0		0.015	96.7		22483		23275		0
62	539.0		0.015	96.7		22412		23203		0
63	538.0		0.015	96.6		22320		23117		0
64	537.0		0.015	96.6		22206		23014		0
65	536.0		0.015	96.5		22078		22894		0
66	535.0		0.016	96.5		21942		22765		0
67	534.0		0.016	96.4		21804		22638		0
68	533.0		0.016	96.3		21648		22491		0
69	532.0		0.016	96.3		21488		22338		0
70	531.0		0.017	96.2		21320		22178		0
71	530.0		0.017	96.1		21153		22021		0
72	529.0		0.017	96.1		20994		21879		0
73	528.0		0.018	96.0		20839		21738		0
74	527.0		0.018	95.9		20681		21589		0
75	526.0		0.019	95.8		20520		21448		0
76	525.0		0.019	95.7		20355		21289		0
77	524.0		0.019	95.6		20189		21130		0
78	523.0		0.020	95.5		20023		20983		0
79	522.0		0.020	95.4		19858		20828		0
80	521.0		0.021	95.3		19696		20686		0
81	520.0		0.021	95.2		19529		20535		0
82	519.0		0.022	95.1		19369		20388		0
83	518.0		0.022	95.0		19196		20243		0
84	517.0		0.023	94.8		19027		20092		0
85	516.0		0.024	94.7		18863		19945		0
86	515.0		0.024	94.5		18699		19802		0
87	514.0		0.025	94.4		18540		19664		0
88	513.0		0.026	94.2		18372		19523		0
89	512.0		0.027	94.1		18205		19378		0
90	511.0		0.027	93.9		18044		19244		0
91	510.0		0.028	93.7		17899		19118		0
92	509.0		0.029	93.5		17751		18997		0
93	508.0		0.030	93.3		17595		18874		0
94	507.0		0.031	93.1		17436		18736		0
95	506.0		0.032	92.9		17264		18603		0
96	505.0		0.033	92.7		17106		18474		0
97	504.0		0.034	92.5		16950		18350		0
98	503.0		0.035	92.2		16794		18230		0
99	502.0		0.036	92.0		16641		18109		0
100	501.0		0.037	91.7		16492		17997		0
101	500.0		0.039	91.5		16338		17879		0
102	499.0		0.040	91.2		16193		17774		0
103	498.0		0.041	91.0		32430		35694		0
104	497.0		0.042	90.7		15901		17551		0
105	496.0		0.044	90.4		31810		35231		0
106	495.0		0.045	90.1		31495		34972		0
107	494.0		0.047	89.8		31144		34721		0
108	493.0		0.048	89.5		30798		34460		0
109	492.0		0.050	89.1		30476		34231		0
110	491.0		0.052	88.8		30155		34002		0
111	490.0		0.053	88.5		29865		33792		0
112	489.0		0.055	88.1		29574		33589		0
113	488.0		0.057	87.8		29260		33376		0
114	487.0		0.058	87.4		28951		33167		0
115	486.0		0.060	87.0		28648		32957		0
116	485.0		0.062	86.7		28340		32740		0
117	484.0		0.064	86.2		28027		32514		0
118	483.0		0.066	85.8		27657		32268		0
119	482.0		0.069	85.4		27299		32035		0
120	481.0		0.071	84.9		26961		31795		0
121	480.0		0.073	84.4		26633		31585		0
122	479.0		0.076	84.0		26324		31379		0
123	478.0		0.078	83.6		26012		31172		0
124	477.0		0.080	83.1		25693		30960		0
125	476.0		0.083	82.6		25347		30727		0
126	475.0		0.085	82.1		25025		30492		0
127	474.0		0.088	81.6		24675		30270		0
128	473.0		0.091	81.1		24329		30016		0
129	472.0		0.094	80.6		23970		29768		0
130	471.0		0.097	80.0		23586		29498		0
131	470.0		0.100	79.5		23224		29246		0
132	469.0		0.103	79.0		22843		28976		0
133	468.0		0.106	78.4		22501		28720		0
134	467.0		0.108	77.9		22138		28460		0
135	466.0		0.111	77.4		21784		28197		0
136	465.0		0.114	76.8		21420		27906		0
137	464.0		0.117	76.3		21037		27615		0
138	463.0		0.121	75.8		20651		27309		0
139	462.0		0.124	75.2		20285		27003		0
140	461.0		0.127	74.7		19899		26663		0
141	460.0		0.130	74.1		19496		26343		0
142	459.0		0.133	73.6		19082		25969		0
143	458.0		0.136	73.1		18665		25582		0
144	457.0		0.139	72.5		18245		25193		0
145	456.0		0.142	72.0		17853		24827		0
146	455.0		0.145	71.5		17462		24436		0
147	454.0		0.148	71.1		17075		24052		0
148	453.0		0.151	70.6		16667		23651		0
149	452.0		0.154	70.1		16266		23261		0
150	451.0		0.157	69.7		15886		22853		0
151	450.0		0.160	69.2		15536		22464		0
152	449.0		0.162	68.8		15167		22069		0
153	448.0		0.165	68.4		14804		21691		0
154	447.0		0.168	68.0		14434		21286		0
155	446.0		0.170	67.5		14074		20864		0
156	445.0		0.173	67.1		13734		20481		0
157	444.0		0.176	66.7		13404		20119		0
158	443.0		0.178	66.4		13119		19803		0
159	442.0		0.180	66.0		12850		19488		0
160	441.0		0.182	65.7		12595		19198		0
161	440.0		0.185	65.4		12355		18930		0
162	439.0		0.187	65.1		12135		18680		0
163	438.0		0.189	64.7		11924		18438		0
164	437.0		0.191	64.5		11724		18203		0
165	436.0		0.193	64.2		11511		17968		0
166	435.0		0.195	63.9		11298		17726		0
167	434.0		0.197	63.6		22528		35498		0
168	433.0		0.199	63.3		22104		34967		0
169	432.0		0.201	63.0		21674		34435		0
170	431.0		0.202	62.8		21267		33929		0
171	430.0		0.203	62.6		20852		33405		0
172	429.0		0.204	62.5		21162		33850		0
173	428.0		0.205	62.4		21177		33994		0
174	427.0		0.206	62.2		21173		34114		0
175	426.0		0.208	61.9		21161		34222		0
176	425.0		0.210	61.7		21132		34298		0
177	424.0		0.211	61.5		21094		34364		0
178	423.0		0.213	61.3		21032		34405		0
179	422.0		0.215	61.0		20951		34412		0
180	421.0		0.216	60.8		20868		34391		0
181	420.0		0.218	60.6		20776		34354		0
182	419.0		0.219	60.4		20662		34286		0
183	418.0		0.221	60.2		20538		34199		0
184	417.0		0.222	60.0		20400		34083		0
185	416.0		0.224	59.7		20238		33949		0
186	415.0		0.225	59.5		20074		33785		0
187	414.0		0.227	59.3		19896		33608		0
188	413.0		0.228	59.1		19709		33403		0
189	412.0		0.230	58.9		19502		33180		0
190	411.0		0.231	58.7		19282		32927		0
191	410.0		0.233	58.5		19052		32644		0
192	409.0		0.235	58.3		18829		32372		0
193	408.0		0.236	58.0		18589		32091		0
194	407.0		0.238	57.8		18359		31804		0
195	406.0		0.239	57.6		18116		31496		0
196	405.0		0.241	57.4		17871		31182		0
197	404.0		0.243	57.2		17604		30830		0
198	403.0		0.244	57.0		17349		30486		0
199	402.0		0.246	56.7		17078		30128		0
200	401.0		0.248	56.5		16808		29777		0
201	400.0		0.249	56.3		16541		29412		0
202	399.0		0.251	56.1		16245		29009		0
203	398.0		0.253	55.8		15944		28598		0
204	397.0		0.255	55.6		15640		28180		0
205	396.0		0.257	55.4		15352		27790		0
206	395.0		0.259	55.1		15062		27359		0
207	394.0		0.260	54.9		14771		26949		0
208	393.0		0.262	54.7		14461		26512		0
209	392.0		0.264	54.4		14168		26058		0
210	391.0		0.266	54.2		13856		25604		0
211	390.0		0.268	54.0		13551		25166		0
212	389.0		0.270	53.7		13266		24730		0
213	388.0		0.272	53.5		12942		24245		0
214	387.0		0.274	53.2		12613		23725		0
215	386.0		0.276	53.0		12269		23194		0
216	385.0		0.278	52.7		11940		22680		0
217	384.0		0.280	52.5		11623		22181		0
218	383.0		0.282	52.2		11307		21674		0
219	382.0		0.284	52.0		11002		21189		0
220	381.0		0.286	51.8		10700		20696		0
221	380.0		0.288	51.5		10402		20184		0
222	379.0		0.290	51.3		10094		19701		0
223	378.0		0.292	51.1		9807		19224		0
224	377.0		0.294	50.8		9520		18751		0
225	376.0		0.296	50.6		9236		18270		0
226	375.0		0.298	50.4		8928		17752		0
227	374.0		0.300	50.1		17555		35099		0
228	373.0		0.302	49.9		16992		34129		0
229	372.0		0.304	49.7		16492		33253		0
230	371.0		0.308	49.2		16017		32436		0
231	370.0		0.313	48.7		15566		31666		0
232	369.0		0.321	47.7		8414		17854		0
233	368.0		0.326	47.2		8539		18236		0
234	367.0		0.331	46.7		8639		18544		0
235	366.0		0.333	46.4		8704		18787		0
236	365.0		0.336	46.1		8746		18988		0
237	364.0		0.339	45.8		8765		19140		0
238	363.0		0.341	45.6		8761		19262		0
239	362.0		0.344	45.3		8734		19324		0
240	361.0		0.347	45.0		8690		19347		0
241	360.0		0.350	44.7		8635		19334		0
242	359.0		0.352	44.5		8560		19289		0
243	358.0		0.355	44.2		8474		19213		0
244	357.0		0.357	43.9		8373		19091		0
245	356.0		0.360	43.7		8248		18931		0
246	355.0		0.363	43.4		8114		18737		0
247	354.0		0.365	43.1		7965		18501		0
248	353.0		0.368	42.9		7796		18203		0
249	352.0		0.371	42.6		7610		17892		0
250	351.0		0.373	42.3		7396		17506		0
251	350.0		0.376	42.1		7173		17094		0
252	349.0		0.379	41.8		14440		34614		0
253	348.0		0.382	41.5		13985		33749		0
254	347.0		0.384	41.3		13537		32843		0
255	346.0		0.387	41.0		13095		31976		0
256	345.0		0.390	40.8		12656		31071		0
257	344.0		0.393	40.5		12207		30197		0
258	343.0		0.395	40.2		11786		29360		0
259	342.0		0.398	40.0		11392		28557		0
260	341.0		0.401	39.7		11039		27793		0
261	340.0		0.403	39.5		10666		27055		0
262	339.0		0.405	39.3		8963		20677		0
263	338.0		0.408	39.1		9103		20859		0
264	337.0		0.411	38.8		9145		21121		0
265	336.0		0.414	38.6		9207		21326		0
266	335.0		0.417	38.3		9340		21496		0
267	334.0		0.420	38.0		9374		21631		0
268	333.0		0.423	37.8		9386		21794		0
269	332.0		0.426	37.5		8992		22026		0
270	331.0		0.429	37.2		8932		23200		0
271	330.0		0.432	37.0		9037		23354		0
272	329.0		0.436	36.7		8924		23716		0
273	328.0		0.439	36.4		8900		24082		0
274	327.0		0.443	36.1		8954		24470		0
275	326.0		0.447	35.8		8914		24847		0
276	325.0		0.450	35.4		9032		25236		0
277	324.0		0.454	35.1		9081		25594		0
278	323.0		0.458	34.8		9088		25910		0
279	322.0		0.462	34.5		9140		26288		0
280	321.0		0.466	34.2		9097		26669		0
281	320.0		0.469	33.9		9110		27085		0
282	319.0		0.473	33.6		9095		27481		0
283	318.0		0.477	33.3		8985		28127		0
284	317.0		0.481	33.0		9198		28172		0
285	316.0		0.486	32.7		9238		28524		0
286	315.0		0.490	32.3		9255		28914		0
287	314.0		0.495	32.0		4474		14042		0
288	313.0		0.500	31.6		9277		29474		0
289	312.0		0.506	31.2		4425		14228		0
290	311.0		0.511	30.9		4398		14293		0
291	310.0		0.515	30.5		4358		14362		0
292	309.0		0.520	30.2		4281		14505		0
293	308.0		0.525	29.9		4280		14600		0
294	307.0		0.530	29.5		4315		14688		0
295	306.0		0.535	29.2		4333		14807		0
296	305.0		0.540	28.8		4238		14878		0
297	304.0		0.546	28.5		4158		14902		0
298	303.0		0.552	28.1		4122		14485		0
299	302.0		0.558	27.7		4064		13791		0
300	301.0		0.563	27.4		3994		14006		0
301	300.0		0.567	27.1		3895		14108		0
