23MS073.wls
Scan Wavelength: 400.0 nm - 700.0 nm  Test Mode: Abs Mode  Test Time:15-10-2024 15:17:05
Peak/Valley Data Record
No.	Wavelength(nm)	Abs	Trans(%T)	Energy	Energy(100%T)	Energy(0%T)
No Peak/Valley Data.
Wavelength Scan Data Record
No.	Wavelength(nm)	Abs	Trans(%T)	Energy	Energy(100%T)	Energy(0%T)
1	700.0		0.028	93.7		33955		34613		0
2	699.0		0.030	93.4		33839		35210		0
3	698.0		0.031	93.1		33655		35827		0
4	697.0		0.033	92.6		33483		36223		0
5	696.0		0.035	92.2		33286		36127		0
6	695.0		0.037	91.9		33090		36021		0
7	694.0		0.038	91.6		32866		35900		0
8	693.0		0.040	91.3		32644		35746		0
9	692.0		0.041	91.0		32399		35590		0
10	691.0		0.042	90.7		32143		35444		0
11	690.0		0.044	90.4		31906		35304		0
12	689.0		0.046	90.0		31645		35172		0
13	688.0		0.047	89.7		31396		35015		0
14	687.0		0.049	89.3		31108		34828		0
15	686.0		0.051	88.9		30793		34646		0
16	685.0		0.053	88.5		30489		34452		0
17	684.0		0.055	88.1		30178		34255		0
18	683.0		0.057	87.8		29890		34050		0
19	682.0		0.059	87.4		29573		33871		0
20	681.0		0.061	87.0		29272		33682		0
21	680.0		0.063	86.6		29000		33496		0
22	679.0		0.065	86.2		28708		33321		0
23	678.0		0.067	85.7		28420		33156		0
24	677.0		0.069	85.3		28144		32993		0
25	676.0		0.071	84.9		27856		32824		0
26	675.0		0.073	84.4		27554		32644		0
27	674.0		0.076	84.0		27247		32481		0
28	673.0		0.078	83.5		26956		32311		0
29	672.0		0.081	83.1		26691		32156		0
30	671.0		0.083	82.6		26443		32023		0
31	670.0		0.085	82.2		26217		31926		0
32	669.0		0.088	81.7		26008		31842		0
33	668.0		0.090	81.2		25788		31752		0
34	667.0		0.093	80.8		25577		31680		0
35	666.0		0.095	80.3		25378		31615		0
36	665.0		0.098	79.8		25187		31560		0
37	664.0		0.100	79.3		24994		31510		0
38	663.0		0.103	78.8		24791		31454		0
39	662.0		0.106	78.3		24588		31399		0
40	661.0		0.109	77.9		24428		31382		0
41	660.0		0.111	77.4		24286		31386		0
42	659.0		0.114	76.9		24156		31408		0
43	658.0		0.116	76.5		24040		31436		0
44	657.0		0.119	76.0		23920		31468		0
45	656.0		0.122	75.6		23804		31501		0
46	655.0		0.124	75.2		23698		31543		0
47	654.0		0.127	74.7		23601		31595		0
48	653.0		0.129	74.3		23508		31653		0
49	652.0		0.132	73.8		23408		31719		0
50	651.0		0.134	73.4		23321		31797		0
51	650.0		0.137	73.0		23256		31901		0
52	649.0		0.140	72.5		23209		32026		0
53	648.0		0.142	72.1		23169		32147		0
54	647.0		0.144	71.7		23136		32276		0
55	646.0		0.147	71.4		23109		32403		0
56	645.0		0.149	71.0		23091		32531		0
57	644.0		0.151	70.6		23077		32684		0
58	643.0		0.153	70.3		23068		32837		0
59	642.0		0.155	69.9		23065		32985		0
60	641.0		0.157	69.6		23078		33152		0
61	640.0		0.159	69.3		23102		33342		0
62	639.0		0.161	69.0		23143		33566		0
63	638.0		0.163	68.7		23192		33791		0
64	637.0		0.165	68.4		23243		34014		0
65	636.0		0.167	68.1		23296		34232		0
66	635.0		0.168	67.9		23361		34452		0
67	634.0		0.170	67.6		23431		34672		0
68	633.0		0.171	67.4		23506		34906		0
69	632.0		0.173	67.2		23597		35140		0
70	631.0		0.174	67.0		23690		35368		0
71	630.0		0.175	66.8		23797		35619		0
72	629.0		0.176	66.7		23909		35886		0
73	628.0		0.177	66.5		24035		36158		0
74	627.0		0.178	66.4		24186		36453		0
75	626.0		0.179	66.3		24334		36756		0
76	625.0		0.179	66.2		24494		37036		0
77	624.0		0.180	66.1		24652		37342		0
78	623.0		0.180	66.0		24815		37614		0
79	622.0		0.181	66.0		24982		37901		0
80	621.0		0.181	65.9		25169		38228		0
81	620.0		0.181	65.9		25380		38550		0
82	619.0		0.181	65.9		25589		38875		0
83	618.0		0.181	65.9		25812		39199		0
84	617.0		0.181	65.9		26030		39542		0
85	616.0		0.181	65.9		26282		39884		0
86	615.0		0.180	66.0		26552		40245		0
87	614.0		0.180	66.1		26822		40621		0
88	613.0		0.179	66.2		27105		40979		0
89	612.0		0.179	66.3		27377		41315		0
90	611.0		0.178	66.4		27652		41664		0
91	610.0		0.177	66.5		27923		41999		0
92	609.0		0.176	66.7		28209		42325		0
93	608.0		0.175	66.9		28486		42627		0
94	607.0		0.174	67.0		28728		42879		0
95	606.0		0.172	67.2		28960		43114		0
96	605.0		0.171	67.5		29171		43281		0
97	604.0		0.169	67.7		29356		43388		0
98	603.0		0.168	68.0		29488		43416		0
99	602.0		0.166	68.3		29568		43348		0
100	601.0		0.164	68.5		29598		43204		0
101	600.0		0.162	68.8		29572		42989		0
102	599.0		0.160	69.1		29486		42677		0
103	598.0		0.158	69.4		29334		42268		0
104	597.0		0.157	69.7		29096		41746		0
105	596.0		0.154	70.1		28798		41115		0
106	595.0		0.152	70.4		28443		40391		0
107	594.0		0.150	70.8		28039		39602		0
108	593.0		0.148	71.2		27542		38715		0
109	592.0		0.145	71.5		27042		37797		0
110	591.0		0.143	72.0		26465		36810		0
111	590.0		0.140	72.4		25896		35746		0
112	589.0		0.138	72.8		25328		34779		0
113	588.0		0.135	73.2		24810		33883		0
114	587.0		0.133	73.6		24298		33005		0
115	586.0		0.130	74.1		23826		32176		0
116	585.0		0.128	74.5		23380		31380		0
117	584.0		0.125	74.9		22930		30625		0
118	583.0		0.123	75.4		22543		29905		0
119	582.0		0.120	75.8		22196		29243		0
120	581.0		0.117	76.3		21871		28675		0
121	580.0		0.115	76.8		21618		28179		0
122	579.0		0.112	77.2		21400		27716		0
123	578.0		0.109	77.7		21235		27323		0
124	577.0		0.107	78.2		21129		27018		0
125	576.0		0.104	78.7		21089		26815		0
126	575.0		0.102	79.2		21101		26670		0
127	574.0		0.099	79.6		21178		26619		0
128	573.0		0.097	80.1		21337		26654		0
129	572.0		0.094	80.5		21570		26814		0
130	571.0		0.092	81.0		21930		27109		0
131	570.0		0.089	81.4		22439		27625		0
132	569.0		0.087	81.8		23309		28511		0
133	568.0		0.085	82.3		24425		29688		0
134	567.0		0.082	82.7		25418		30787		0
135	566.0		0.080	83.2		26231		31577		0
136	565.0		0.078	83.6		26862		32131		0
137	564.0		0.076	84.0		27367		32576		0
138	563.0		0.073	84.4		27751		32890		0
139	562.0		0.071	84.8		28039		33067		0
140	561.0		0.069	85.2		28194		33106		0
141	560.0		0.068	85.6		28228		33007		0
142	559.0		0.066	86.0		28131		32752		0
143	558.0		0.064	86.3		27895		32350		0
144	557.0		0.062	86.7		27519		31797		0
145	556.0		0.060	87.0		27033		31091		0
146	555.0		0.059	87.4		26412		30228		0
147	554.0		0.057	87.7		25630		29247		0
148	553.0		0.055	88.1		24847		28285		0
149	552.0		0.054	88.4		24063		27274		0
150	551.0		0.052	88.7		23293		26300		0
151	550.0		0.051	88.9		22512		25401		0
152	549.0		0.050	89.2		23602		26469		0
153	548.0		0.048	89.5		23157		25882		0
154	547.0		0.047	89.7		22706		25324		0
155	546.0		0.046	89.9		22272		24774		0
156	545.0		0.045	90.2		21816		24214		0
157	544.0		0.044	90.4		21430		23743		0
158	543.0		0.043	90.6		21275		23516		0
159	542.0		0.042	90.8		21316		23505		0
160	541.0		0.041	90.9		21335		23483		0
161	540.0		0.041	91.1		21322		23427		0
162	539.0		0.040	91.2		21289		23359		0
163	538.0		0.039	91.4		21239		23273		0
164	537.0		0.039	91.5		21170		23166		0
165	536.0		0.038	91.6		21087		23041		0
166	535.0		0.038	91.7		20990		22924		0
167	534.0		0.037	91.7		20888		22788		0
168	533.0		0.037	91.8		20768		22642		0
169	532.0		0.037	91.9		20643		22489		0
170	531.0		0.037	91.9		20511		22322		0
171	530.0		0.036	92.0		20366		22169		0
172	529.0		0.036	92.0		20230		22020		0
173	528.0		0.036	92.0		20100		21874		0
174	527.0		0.036	92.0		19955		21726		0
175	526.0		0.036	92.0		19823		21573		0
176	525.0		0.036	92.0		19676		21424		0
177	524.0		0.037	91.9		19526		21265		0
178	523.0		0.037	91.9		19375		21107		0
179	522.0		0.037	91.8		19220		20954		0
180	521.0		0.037	91.8		19075		20806		0
181	520.0		0.038	91.7		18916		20654		0
182	519.0		0.038	91.6		18755		20507		0
183	518.0		0.039	91.5		18594		20354		0
184	517.0		0.039	91.4		18432		20202		0
185	516.0		0.040	91.2		18272		20059		0
186	515.0		0.041	91.1		18117		19917		0
187	514.0		0.041	90.9		17959		19774		0
188	513.0		0.042	90.8		17804		19636		0
189	512.0		0.043	90.6		17632		19487		0
190	511.0		0.044	90.4		17479		19354		0
191	510.0		0.045	90.2		17322		19229		0
192	509.0		0.046	90.0		17174		19099		0
193	508.0		0.047	89.8		17018		18979		0
194	507.0		0.048	89.6		16849		18838		0
195	506.0		0.049	89.3		16680		18706		0
196	505.0		0.050	89.0		16510		18572		0
197	504.0		0.052	88.8		16348		18440		0
198	503.0		0.053	88.5		16184		18322		0
199	502.0		0.055	88.2		16029		18202		0
200	501.0		0.056	87.9		15871		18081		0
201	500.0		0.058	87.6		15716		17973		0
202	499.0		0.059	87.3		15566		17862		0
203	498.0		0.061	86.9		31146		35870		0
204	497.0		0.062	86.6		15250		17635		0
205	496.0		0.064	86.2		30482		35402		0
206	495.0		0.066	85.9		30138		35159		0
207	494.0		0.068	85.5		29787		34895		0
208	493.0		0.070	85.1		29421		34628		0
209	492.0		0.072	84.7		29081		34387		0
210	491.0		0.074	84.3		28760		34180		0
211	490.0		0.076	83.9		28450		33967		0
212	489.0		0.078	83.5		28141		33753		0
213	488.0		0.080	83.1		27816		33535		0
214	487.0		0.082	82.7		27510		33311		0
215	486.0		0.085	82.3		27194		33106		0
216	485.0		0.087	81.9		26894		32898		0
217	484.0		0.089	81.5		26575		32665		0
218	483.0		0.091	81.0		26216		32420		0
219	482.0		0.094	80.6		25881		32177		0
220	481.0		0.096	80.1		25545		31943		0
221	480.0		0.099	79.7		25243		31734		0
222	479.0		0.101	79.3		24956		31529		0
223	478.0		0.103	78.9		24662		31320		0
224	477.0		0.105	78.5		24365		31096		0
225	476.0		0.107	78.1		24056		30868		0
226	475.0		0.109	77.7		23782		30636		0
227	474.0		0.111	77.4		23494		30408		0
228	473.0		0.113	77.0		23191		30162		0
229	472.0		0.116	76.6		22891		29906		0
230	471.0		0.118	76.3		22577		29643		0
231	470.0		0.120	75.9		22274		29384		0
232	469.0		0.121	75.6		21977		29126		0
233	468.0		0.123	75.3		21698		28869		0
234	467.0		0.125	75.0		21411		28610		0
235	466.0		0.126	74.7		21140		28339		0
236	465.0		0.128	74.5		20847		28053		0
237	464.0		0.129	74.2		20559		27765		0
238	463.0		0.131	74.0		20277		27465		0
239	462.0		0.132	73.8		19974		27128		0
240	461.0		0.133	73.6		19676		26809		0
241	460.0		0.135	73.4		19375		26472		0
242	459.0		0.136	73.2		19060		26111		0
243	458.0		0.137	73.0		18733		25730		0
244	457.0		0.138	72.8		18407		25341		0
245	456.0		0.139	72.7		18094		24963		0
246	455.0		0.139	72.5		17783		24582		0
247	454.0		0.140	72.4		17480		24198		0
248	453.0		0.141	72.3		17162		23795		0
249	452.0		0.141	72.2		16844		23389		0
250	451.0		0.142	72.1		16546		22985		0
251	450.0		0.142	72.0		16239		22596		0
252	449.0		0.143	71.9		15944		22213		0
253	448.0		0.143	71.9		15648		21821		0
254	447.0		0.144	71.8		15335		21409		0
255	446.0		0.144	71.7		15019		21005		0
256	445.0		0.145	71.6		14733		20607		0
257	444.0		0.145	71.6		14458		20254		0
258	443.0		0.146	71.5		14224		19925		0
259	442.0		0.146	71.4		13983		19614		0
260	441.0		0.146	71.4		13761		19326		0
261	440.0		0.147	71.3		13553		19052		0
262	439.0		0.147	71.2		13360		18800		0
263	438.0		0.148	71.1		13175		18565		0
264	437.0		0.148	71.1		12991		18329		0
265	436.0		0.149	71.0		12811		18090		0
266	435.0		0.150	70.9		12615		17828		0
267	434.0		0.150	70.8		25245		35734		0
268	433.0		0.151	70.6		24804		35193		0
269	432.0		0.152	70.5		24393		34660		0
270	431.0		0.152	70.4		23976		34149		0
271	430.0		0.153	70.4		23539		33610		0
272	429.0		0.153	70.4		23929		34001		0
273	428.0		0.153	70.3		23979		34148		0
274	427.0		0.154	70.2		24011		34268		0
275	426.0		0.155	70.0		24026		34363		0
276	425.0		0.156	69.9		24022		34446		0
277	424.0		0.157	69.7		24002		34500		0
278	423.0		0.158	69.5		23961		34542		0
279	422.0		0.159	69.3		23901		34550		0
280	421.0		0.160	69.1		23818		34527		0
281	420.0		0.161	68.9		23732		34478		0
282	419.0		0.163	68.8		23620		34416		0
283	418.0		0.164	68.6		23502		34319		0
284	417.0		0.165	68.4		23361		34196		0
285	416.0		0.166	68.3		23210		34054		0
286	415.0		0.167	68.1		23043		33900		0
287	414.0		0.168	68.0		22867		33716		0
288	413.0		0.169	67.8		22684		33514		0
289	412.0		0.169	67.7		22492		33280		0
290	411.0		0.170	67.6		22269		33020		0
291	410.0		0.171	67.4		22045		32760		0
292	409.0		0.172	67.3		21828		32480		0
293	408.0		0.172	67.2		21604		32189		0
294	407.0		0.173	67.2		21385		31901		0
295	406.0		0.173	67.1		21156		31599		0
296	405.0		0.174	67.0		20926		31270		0
297	404.0		0.174	67.0		20685		30922		0
298	403.0		0.174	66.9		20437		30576		0
299	402.0		0.175	66.9		20186		30238		0
300	401.0		0.175	66.9		19940		29868		0
301	400.0		0.175	66.9		19694		29487		0
