23MS111.wls
Scan Wavelength: 400.0 nm - 700.0 nm  Test Mode: Abs Mode  Test Time:15-10-2024 15:04:22
Peak/Valley Data Record
No.	Wavelength(nm)	Abs	Trans(%T)	Energy	Energy(100%T)	Energy(0%T)
No Peak/Valley Data.
Wavelength Scan Data Record
No.	Wavelength(nm)	Abs	Trans(%T)	Energy	Energy(100%T)	Energy(0%T)
1	700.0		0.028	93.7		33951		34613		0
2	699.0		0.030	93.4		33828		35210		0
3	698.0		0.031	93.1		33665		35827		0
4	697.0		0.033	92.6		33479		36223		0
5	696.0		0.035	92.2		33292		36127		0
6	695.0		0.037	91.9		33080		36021		0
7	694.0		0.038	91.6		32862		35900		0
8	693.0		0.040	91.3		32611		35746		0
9	692.0		0.041	90.9		32373		35590		0
10	691.0		0.043	90.6		32129		35444		0
11	690.0		0.044	90.3		31872		35304		0
12	689.0		0.046	89.9		31633		35172		0
13	688.0		0.048	89.6		31372		35015		0
14	687.0		0.050	89.2		31064		34828		0
15	686.0		0.052	88.8		30759		34646		0
16	685.0		0.054	88.4		30448		34452		0
17	684.0		0.056	88.0		30138		34255		0
18	683.0		0.058	87.6		29818		34050		0
19	682.0		0.060	87.2		29524		33871		0
20	681.0		0.062	86.8		29234		33682		0
21	680.0		0.064	86.4		28937		33496		0
22	679.0		0.066	86.0		28657		33321		0
23	678.0		0.068	85.6		28378		33156		0
24	677.0		0.070	85.2		28106		32993		0
25	676.0		0.072	84.7		27812		32824		0
26	675.0		0.074	84.3		27500		32644		0
27	674.0		0.077	83.8		27203		32481		0
28	673.0		0.079	83.3		26906		32311		0
29	672.0		0.082	82.9		26642		32156		0
30	671.0		0.084	82.4		26395		32023		0
31	670.0		0.086	82.0		26166		31926		0
32	669.0		0.089	81.5		25933		31842		0
33	668.0		0.091	81.0		25720		31752		0
34	667.0		0.094	80.6		25515		31680		0
35	666.0		0.096	80.1		25312		31615		0
36	665.0		0.099	79.6		25132		31560		0
37	664.0		0.102	79.1		24938		31510		0
38	663.0		0.104	78.6		24727		31454		0
39	662.0		0.107	78.2		24541		31399		0
40	661.0		0.110	77.7		24362		31382		0
41	660.0		0.112	77.2		24223		31386		0
42	659.0		0.115	76.7		24093		31408		0
43	658.0		0.118	76.3		23970		31436		0
44	657.0		0.120	75.8		23848		31468		0
45	656.0		0.123	75.4		23726		31501		0
46	655.0		0.125	74.9		23619		31543		0
47	654.0		0.128	74.5		23522		31595		0
48	653.0		0.131	74.0		23423		31653		0
49	652.0		0.133	73.6		23332		31719		0
50	651.0		0.136	73.1		23243		31797		0
51	650.0		0.139	72.7		23181		31901		0
52	649.0		0.141	72.3		23128		32026		0
53	648.0		0.144	71.9		23090		32147		0
54	647.0		0.146	71.5		23055		32276		0
55	646.0		0.148	71.1		23025		32403		0
56	645.0		0.150	70.7		23005		32531		0
57	644.0		0.153	70.4		22990		32684		0
58	643.0		0.155	70.0		22974		32837		0
59	642.0		0.157	69.7		22966		32985		0
60	641.0		0.159	69.3		22976		33152		0
61	640.0		0.161	69.0		22998		33342		0
62	639.0		0.163	68.7		23038		33566		0
63	638.0		0.165	68.4		23086		33791		0
64	637.0		0.167	68.1		23139		34014		0
65	636.0		0.169	67.8		23192		34232		0
66	635.0		0.170	67.5		23258		34452		0
67	634.0		0.172	67.3		23320		34672		0
68	633.0		0.174	67.1		23389		34906		0
69	632.0		0.175	66.8		23466		35140		0
70	631.0		0.176	66.6		23558		35368		0
71	630.0		0.178	66.4		23658		35619		0
72	629.0		0.179	66.3		23770		35886		0
73	628.0		0.180	66.1		23894		36158		0
74	627.0		0.181	66.0		24039		36453		0
75	626.0		0.182	65.8		24176		36756		0
76	625.0		0.182	65.7		24330		37036		0
77	624.0		0.183	65.6		24484		37342		0
78	623.0		0.184	65.5		24640		37614		0
79	622.0		0.184	65.5		24806		37901		0
80	621.0		0.184	65.4		24985		38228		0
81	620.0		0.185	65.4		25186		38550		0
82	619.0		0.185	65.4		25397		38875		0
83	618.0		0.185	65.3		25589		39199		0
84	617.0		0.185	65.4		25824		39542		0
85	616.0		0.184	65.4		26070		39884		0
86	615.0		0.184	65.4		26318		40245		0
87	614.0		0.184	65.5		26607		40621		0
88	613.0		0.183	65.6		26873		40979		0
89	612.0		0.182	65.7		27140		41315		0
90	611.0		0.182	65.8		27406		41664		0
91	610.0		0.181	65.9		27680		41999		0
92	609.0		0.180	66.1		27970		42325		0
93	608.0		0.179	66.3		28243		42627		0
94	607.0		0.178	66.4		28478		42879		0
95	606.0		0.176	66.6		28714		43114		0
96	605.0		0.175	66.8		28922		43281		0
97	604.0		0.173	67.1		29092		43388		0
98	603.0		0.172	67.3		29226		43416		0
99	602.0		0.170	67.6		29303		43348		0
100	601.0		0.168	67.9		29334		43204		0
101	600.0		0.166	68.2		29307		42989		0
102	599.0		0.164	68.5		29220		42677		0
103	598.0		0.162	68.8		29064		42268		0
104	597.0		0.160	69.1		28836		41746		0
105	596.0		0.158	69.4		28544		41115		0
106	595.0		0.156	69.8		28193		40391		0
107	594.0		0.154	70.2		27782		39602		0
108	593.0		0.152	70.5		27313		38715		0
109	592.0		0.149	70.9		26796		37797		0
110	591.0		0.147	71.3		26250		36810		0
111	590.0		0.144	71.8		25672		35746		0
112	589.0		0.142	72.2		25115		34779		0
113	588.0		0.139	72.6		24593		33883		0
114	587.0		0.137	73.0		24095		33005		0
115	586.0		0.134	73.4		23621		32176		0
116	585.0		0.132	73.9		23169		31380		0
117	584.0		0.129	74.3		22742		30625		0
118	583.0		0.126	74.8		22355		29905		0
119	582.0		0.124	75.2		22008		29243		0
120	581.0		0.121	75.7		21699		28675		0
121	580.0		0.118	76.2		21454		28179		0
122	579.0		0.115	76.7		21238		27716		0
123	578.0		0.113	77.2		21078		27323		0
124	577.0		0.110	77.7		20980		27018		0
125	576.0		0.107	78.1		20943		26815		0
126	575.0		0.105	78.6		20958		26670		0
127	574.0		0.102	79.1		21038		26619		0
128	573.0		0.099	79.5		21192		26654		0
129	572.0		0.097	80.0		21440		26814		0
130	571.0		0.094	80.5		21796		27109		0
131	570.0		0.092	80.9		22327		27625		0
132	569.0		0.090	81.3		23177		28511		0
133	568.0		0.087	81.8		24244		29688		0
134	567.0		0.085	82.3		25312		30787		0
135	566.0		0.082	82.7		26091		31577		0
136	565.0		0.080	83.2		26730		32131		0
137	564.0		0.078	83.6		27216		32576		0
138	563.0		0.076	84.0		27622		32890		0
139	562.0		0.074	84.4		27910		33067		0
140	561.0		0.071	84.8		28080		33106		0
141	560.0		0.069	85.2		28121		33007		0
142	559.0		0.067	85.6		28026		32752		0
143	558.0		0.066	86.0		27788		32350		0
144	557.0		0.064	86.3		27443		31797		0
145	556.0		0.062	86.7		26936		31091		0
146	555.0		0.060	87.1		26310		30228		0
147	554.0		0.058	87.4		25558		29247		0
148	553.0		0.057	87.8		24799		28285		0
149	552.0		0.055	88.1		24018		27274		0
150	551.0		0.053	88.4		23247		26300		0
151	550.0		0.052	88.7		22488		25401		0
152	549.0		0.051	89.0		23544		26469		0
153	548.0		0.049	89.3		23114		25882		0
154	547.0		0.048	89.5		22668		25324		0
155	546.0		0.047	89.8		22230		24774		0
156	545.0		0.046	90.0		21788		24214		0
157	544.0		0.044	90.3		21418		23743		0
158	543.0		0.043	90.5		21267		23516		0
159	542.0		0.042	90.7		21315		23505		0
160	541.0		0.041	90.9		21342		23483		0
161	540.0		0.040	91.1		21335		23427		0
162	539.0		0.040	91.3		21312		23359		0
163	538.0		0.039	91.4		21267		23273		0
164	537.0		0.038	91.6		21204		23166		0
165	536.0		0.038	91.7		21118		23041		0
166	535.0		0.037	91.8		21029		22924		0
167	534.0		0.037	91.9		20931		22788		0
168	533.0		0.036	92.0		20819		22642		0
169	532.0		0.036	92.1		20702		22489		0
170	531.0		0.035	92.2		20567		22322		0
171	530.0		0.035	92.2		20433		22169		0
172	529.0		0.035	92.3		20310		22020		0
173	528.0		0.035	92.3		20175		21874		0
174	527.0		0.035	92.3		20051		21726		0
175	526.0		0.035	92.3		19906		21573		0
176	525.0		0.035	92.3		19764		21424		0
177	524.0		0.035	92.3		19612		21265		0
178	523.0		0.035	92.2		19458		21107		0
179	522.0		0.035	92.2		19310		20954		0
180	521.0		0.035	92.2		19163		20806		0
181	520.0		0.036	92.1		19014		20654		0
182	519.0		0.036	92.0		18854		20507		0
183	518.0		0.037	91.9		18690		20354		0
184	517.0		0.037	91.8		18526		20202		0
185	516.0		0.038	91.6		18362		20059		0
186	515.0		0.039	91.5		18209		19917		0
187	514.0		0.039	91.3		18049		19774		0
188	513.0		0.040	91.2		17885		19636		0
189	512.0		0.041	91.0		17713		19487		0
190	511.0		0.042	90.8		17552		19354		0
191	510.0		0.043	90.6		17401		19229		0
192	509.0		0.044	90.4		17248		19099		0
193	508.0		0.045	90.1		17096		18979		0
194	507.0		0.046	89.9		16918		18838		0
195	506.0		0.048	89.6		16749		18706		0
196	505.0		0.049	89.3		16581		18572		0
197	504.0		0.050	89.0		16405		18440		0
198	503.0		0.052	88.8		16249		18322		0
199	502.0		0.053	88.4		16084		18202		0
200	501.0		0.055	88.1		15926		18081		0
201	500.0		0.057	87.8		15764		17973		0
202	499.0		0.058	87.5		15612		17862		0
203	498.0		0.060	87.1		31230		35870		0
204	497.0		0.062	86.7		15289		17635		0
205	496.0		0.064	86.4		30552		35402		0
206	495.0		0.066	86.0		30202		35159		0
207	494.0		0.068	85.6		29831		34895		0
208	493.0		0.070	85.1		29456		34628		0
209	492.0		0.072	84.7		29113		34387		0
210	491.0		0.074	84.3		28791		34180		0
211	490.0		0.076	83.9		28469		33967		0
212	489.0		0.078	83.5		28157		33753		0
213	488.0		0.081	83.1		27826		33535		0
214	487.0		0.083	82.7		27506		33311		0
215	486.0		0.085	82.2		27196		33106		0
216	485.0		0.087	81.8		26882		32898		0
217	484.0		0.090	81.4		26552		32665		0
218	483.0		0.092	80.9		26202		32420		0
219	482.0		0.094	80.4		25857		32177		0
220	481.0		0.097	80.0		25530		31943		0
221	480.0		0.099	79.6		25209		31734		0
222	479.0		0.102	79.1		24930		31529		0
223	478.0		0.104	78.7		24628		31320		0
224	477.0		0.106	78.3		24319		31096		0
225	476.0		0.108	77.9		24031		30868		0
226	475.0		0.110	77.5		23732		30636		0
227	474.0		0.113	77.2		23448		30408		0
228	473.0		0.115	76.8		23137		30162		0
229	472.0		0.117	76.4		22832		29906		0
230	471.0		0.119	76.0		22524		29643		0
231	470.0		0.121	75.7		22213		29384		0
232	469.0		0.123	75.3		21918		29126		0
233	468.0		0.125	75.0		21629		28869		0
234	467.0		0.127	74.7		21342		28610		0
235	466.0		0.128	74.4		21059		28339		0
236	465.0		0.130	74.2		20772		28053		0
237	464.0		0.131	73.9		20488		27765		0
238	463.0		0.133	73.7		20192		27465		0
239	462.0		0.134	73.4		19900		27128		0
240	461.0		0.135	73.2		19599		26809		0
241	460.0		0.137	73.0		19309		26472		0
242	459.0		0.138	72.8		18988		26111		0
243	458.0		0.139	72.6		18657		25730		0
244	457.0		0.140	72.4		18317		25341		0
245	456.0		0.141	72.3		18006		24963		0
246	455.0		0.142	72.1		17696		24582		0
247	454.0		0.143	72.0		17405		24198		0
248	453.0		0.143	71.9		17075		23795		0
249	452.0		0.144	71.8		16767		23389		0
250	451.0		0.145	71.7		16461		22985		0
251	450.0		0.145	71.6		16162		22596		0
252	449.0		0.146	71.5		15866		22213		0
253	448.0		0.146	71.4		15555		21821		0
254	447.0		0.147	71.3		15250		21409		0
255	446.0		0.147	71.2		14938		21005		0
256	445.0		0.148	71.2		14649		20607		0
257	444.0		0.148	71.1		14384		20254		0
258	443.0		0.149	71.0		14124		19925		0
259	442.0		0.149	71.0		13899		19614		0
260	441.0		0.150	70.9		13672		19326		0
261	440.0		0.150	70.8		13472		19052		0
262	439.0		0.150	70.7		13281		18800		0
263	438.0		0.151	70.6		13093		18565		0
264	437.0		0.152	70.5		12914		18329		0
265	436.0		0.152	70.4		12731		18090		0
266	435.0		0.153	70.3		12532		17828		0
267	434.0		0.154	70.2		25057		35734		0
268	433.0		0.154	70.1		24631		35193		0
269	432.0		0.155	70.0		24228		34660		0
270	431.0		0.156	69.9		23810		34149		0
271	430.0		0.156	69.8		23400		33610		0
272	429.0		0.156	69.8		23772		34001		0
273	428.0		0.157	69.7		23814		34148		0
274	427.0		0.157	69.6		23841		34268		0
275	426.0		0.158	69.5		23850		34363		0
276	425.0		0.159	69.3		23849		34446		0
277	424.0		0.161	69.1		23825		34500		0
278	423.0		0.162	68.9		23788		34542		0
279	422.0		0.163	68.7		23718		34550		0
280	421.0		0.164	68.5		23642		34527		0
281	420.0		0.165	68.3		23548		34478		0
282	419.0		0.167	68.1		23436		34416		0
283	418.0		0.168	68.0		23312		34319		0
284	417.0		0.169	67.8		23173		34196		0
285	416.0		0.170	67.6		23017		34054		0
286	415.0		0.171	67.5		22852		33900		0
287	414.0		0.172	67.3		22672		33716		0
288	413.0		0.173	67.2		22482		33514		0
289	412.0		0.174	67.0		22280		33280		0
290	411.0		0.175	66.9		22058		33020		0
291	410.0		0.176	66.8		21835		32760		0
292	409.0		0.176	66.6		21610		32480		0
293	408.0		0.177	66.5		21394		32189		0
294	407.0		0.178	66.4		21166		31901		0
295	406.0		0.178	66.4		20951		31599		0
296	405.0		0.179	66.3		20712		31270		0
297	404.0		0.179	66.2		20460		30922		0
298	403.0		0.179	66.2		20213		30576		0
299	402.0		0.180	66.1		19978		30238		0
300	401.0		0.180	66.1		19729		29868		0
301	400.0		0.180	66.1		19474		29487		0
