23MS081.wls
Scan Wavelength: 400.0 nm - 700.0 nm  Test Mode: Abs Mode  Test Time:15-10-2024 14:56:39
Peak/Valley Data Record
No.	Wavelength(nm)	Abs	Trans(%T)	Energy	Energy(100%T)	Energy(0%T)
No Peak/Valley Data.
Wavelength Scan Data Record
No.	Wavelength(nm)	Abs	Trans(%T)	Energy	Energy(100%T)	Energy(0%T)
1	700.0		0.018	95.9		34727		34613		0
2	699.0		0.019	95.6		34639		35210		0
3	698.0		0.021	95.4		34515		35827		0
4	697.0		0.022	95.0		34370		36223		0
5	696.0		0.023	94.7		34218		36127		0
6	695.0		0.025	94.5		34049		36021		0
7	694.0		0.025	94.3		33868		35900		0
8	693.0		0.026	94.1		33671		35746		0
9	692.0		0.027	93.9		33468		35590		0
10	691.0		0.028	93.8		33248		35444		0
11	690.0		0.029	93.6		33056		35304		0
12	689.0		0.030	93.4		32842		35172		0
13	688.0		0.031	93.1		32617		35015		0
14	687.0		0.032	92.9		32361		34828		0
15	686.0		0.033	92.7		32102		34646		0
16	685.0		0.034	92.4		31845		34452		0
17	684.0		0.035	92.2		31586		34255		0
18	683.0		0.037	91.9		31306		34050		0
19	682.0		0.038	91.7		31044		33871		0
20	681.0		0.039	91.4		30793		33682		0
21	680.0		0.040	91.2		30544		33496		0
22	679.0		0.041	90.9		30304		33321		0
23	678.0		0.043	90.7		30067		33156		0
24	677.0		0.044	90.4		29818		32993		0
25	676.0		0.045	90.1		29582		32824		0
26	675.0		0.047	89.8		29325		32644		0
27	674.0		0.048	89.5		29080		32481		0
28	673.0		0.049	89.2		28828		32311		0
29	672.0		0.051	89.0		28605		32156		0
30	671.0		0.052	88.7		28400		32023		0
31	670.0		0.054	88.4		28229		31926		0
32	669.0		0.055	88.1		28053		31842		0
33	668.0		0.057	87.8		27877		31752		0
34	667.0		0.058	87.5		27718		31680		0
35	666.0		0.059	87.2		27562		31615		0
36	665.0		0.061	86.9		27421		31560		0
37	664.0		0.063	86.6		27282		31510		0
38	663.0		0.064	86.2		27120		31454		0
39	662.0		0.066	85.9		26985		31399		0
40	661.0		0.067	85.6		26862		31382		0
41	660.0		0.069	85.3		26778		31386		0
42	659.0		0.071	85.0		26706		31408		0
43	658.0		0.072	84.7		26627		31436		0
44	657.0		0.074	84.4		26566		31468		0
45	656.0		0.075	84.1		26501		31501		0
46	655.0		0.077	83.8		26445		31543		0
47	654.0		0.078	83.5		26386		31595		0
48	653.0		0.080	83.2		26346		31653		0
49	652.0		0.081	82.9		26302		31719		0
50	651.0		0.083	82.6		26263		31797		0
51	650.0		0.084	82.3		26254		31901		0
52	649.0		0.086	82.1		26263		32026		0
53	648.0		0.087	81.8		26280		32147		0
54	647.0		0.089	81.5		26300		32276		0
55	646.0		0.090	81.3		26324		32403		0
56	645.0		0.092	81.0		26348		32531		0
57	644.0		0.093	80.7		26384		32684		0
58	643.0		0.094	80.5		26428		32837		0
59	642.0		0.096	80.2		26472		32985		0
60	641.0		0.097	80.0		26527		33152		0
61	640.0		0.098	79.8		26606		33342		0
62	639.0		0.099	79.6		26699		33566		0
63	638.0		0.100	79.4		26810		33791		0
64	637.0		0.101	79.2		26913		34014		0
65	636.0		0.102	79.0		27022		34232		0
66	635.0		0.103	78.8		27134		34452		0
67	634.0		0.104	78.6		27252		34672		0
68	633.0		0.105	78.5		27375		34906		0
69	632.0		0.106	78.3		27505		35140		0
70	631.0		0.107	78.2		27631		35368		0
71	630.0		0.108	78.1		27788		35619		0
72	629.0		0.108	77.9		27946		35886		0
73	628.0		0.109	77.8		28115		36158		0
74	627.0		0.109	77.7		28313		36453		0
75	626.0		0.110	77.6		28505		36756		0
76	625.0		0.110	77.6		28720		37036		0
77	624.0		0.111	77.5		28915		37342		0
78	623.0		0.111	77.4		29114		37614		0
79	622.0		0.111	77.4		29311		37901		0
80	621.0		0.112	77.3		29534		38228		0
81	620.0		0.112	77.3		29795		38550		0
82	619.0		0.112	77.3		30045		38875		0
83	618.0		0.112	77.3		30291		39199		0
84	617.0		0.112	77.3		30558		39542		0
85	616.0		0.111	77.4		30830		39884		0
86	615.0		0.111	77.4		31136		40245		0
87	614.0		0.111	77.5		31452		40621		0
88	613.0		0.111	77.5		31754		40979		0
89	612.0		0.110	77.6		32053		41315		0
90	611.0		0.110	77.7		32348		41664		0
91	610.0		0.109	77.8		32655		41999		0
92	609.0		0.109	77.9		32951		42325		0
93	608.0		0.108	78.0		33237		42627		0
94	607.0		0.107	78.1		33494		42879		0
95	606.0		0.107	78.2		33724		43114		0
96	605.0		0.106	78.4		33909		43281		0
97	604.0		0.105	78.6		34068		43388		0
98	603.0		0.104	78.7		34172		43416		0
99	602.0		0.103	78.9		34202		43348		0
100	601.0		0.102	79.1		34170		43204		0
101	600.0		0.101	79.3		34086		42989		0
102	599.0		0.099	79.5		33940		42677		0
103	598.0		0.098	79.7		33704		42268		0
104	597.0		0.097	80.0		33376		41746		0
105	596.0		0.096	80.2		32965		41115		0
106	595.0		0.095	80.4		32480		40391		0
107	594.0		0.093	80.7		31948		39602		0
108	593.0		0.092	80.9		31336		38715		0
109	592.0		0.091	81.2		30672		37797		0
110	591.0		0.089	81.5		29955		36810		0
111	590.0		0.088	81.7		29216		35746		0
112	589.0		0.086	82.0		28538		34779		0
113	588.0		0.085	82.3		27886		33883		0
114	587.0		0.083	82.6		27262		33005		0
115	586.0		0.082	82.9		26681		32176		0
116	585.0		0.080	83.1		26075		31380		0
117	584.0		0.079	83.4		25545		30625		0
118	583.0		0.077	83.7		25031		29905		0
119	582.0		0.076	84.0		24574		29243		0
120	581.0		0.074	84.3		24174		28675		0
121	580.0		0.072	84.6		23835		28179		0
122	579.0		0.071	84.9		23540		27716		0
123	578.0		0.069	85.3		23303		27323		0
124	577.0		0.068	85.6		23123		27018		0
125	576.0		0.066	85.9		23020		26815		0
126	575.0		0.065	86.2		22982		26670		0
127	574.0		0.063	86.5		23012		26619		0
128	573.0		0.062	86.8		23125		26654		0
129	572.0		0.060	87.1		23328		26814		0
130	571.0		0.059	87.3		23661		27109		0
131	570.0		0.057	87.6		24198		27625		0
132	569.0		0.056	87.9		25064		28511		0
133	568.0		0.055	88.2		26189		29688		0
134	567.0		0.053	88.5		27216		30787		0
135	566.0		0.052	88.8		28014		31577		0
136	565.0		0.050	89.0		28604		32131		0
137	564.0		0.049	89.3		29093		32576		0
138	563.0		0.048	89.6		29449		32890		0
139	562.0		0.047	89.8		29697		33067		0
140	561.0		0.046	90.0		29808		33106		0
141	560.0		0.044	90.3		29796		33007		0
142	559.0		0.043	90.5		29640		32752		0
143	558.0		0.042	90.7		29354		32350		0
144	557.0		0.041	90.9		28914		31797		0
145	556.0		0.040	91.2		28334		31091		0
146	555.0		0.039	91.4		27605		30228		0
147	554.0		0.038	91.6		26804		29247		0
148	553.0		0.037	91.8		25926		28285		0
149	552.0		0.036	92.0		25104		27274		0
150	551.0		0.035	92.2		24247		26300		0
151	550.0		0.035	92.3		23422		25401		0
152	549.0		0.034	92.5		24461		26469		0
153	548.0		0.033	92.6		23982		25882		0
154	547.0		0.033	92.8		23477		25324		0
155	546.0		0.032	92.9		22997		24774		0
156	545.0		0.031	93.0		22514		24214		0
157	544.0		0.031	93.1		22106		23743		0
158	543.0		0.030	93.2		21916		23516		0
159	542.0		0.030	93.3		21933		23505		0
160	541.0		0.029	93.4		21938		23483		0
161	540.0		0.029	93.5		21912		23427		0
162	539.0		0.029	93.6		21865		23359		0
163	538.0		0.028	93.7		21803		23273		0
164	537.0		0.028	93.7		21718		23166		0
165	536.0		0.028	93.8		21615		23041		0
166	535.0		0.028	93.8		21511		22924		0
167	534.0		0.027	93.9		21398		22788		0
168	533.0		0.027	93.9		21269		22642		0
169	532.0		0.027	94.0		21129		22489		0
170	531.0		0.027	94.0		20976		22322		0
171	530.0		0.027	94.0		20833		22169		0
172	529.0		0.027	94.0		20695		22020		0
173	528.0		0.027	94.0		20558		21874		0
174	527.0		0.027	94.0		20426		21726		0
175	526.0		0.027	94.0		20274		21573		0
176	525.0		0.027	94.0		20133		21424		0
177	524.0		0.027	93.9		19978		21265		0
178	523.0		0.027	93.9		19826		21107		0
179	522.0		0.027	93.9		19672		20954		0
180	521.0		0.028	93.9		19520		20806		0
181	520.0		0.028	93.8		19371		20654		0
182	519.0		0.028	93.8		19218		20507		0
183	518.0		0.028	93.7		19065		20354		0
184	517.0		0.029	93.6		18907		20202		0
185	516.0		0.029	93.6		18759		20059		0
186	515.0		0.029	93.5		18611		19917		0
187	514.0		0.030	93.4		18461		19774		0
188	513.0		0.030	93.3		18306		19636		0
189	512.0		0.031	93.2		18144		19487		0
190	511.0		0.031	93.1		18000		19354		0
191	510.0		0.032	92.9		17864		19229		0
192	509.0		0.032	92.8		17727		19099		0
193	508.0		0.033	92.7		17586		18979		0
194	507.0		0.034	92.6		17432		18838		0
195	506.0		0.034	92.4		17278		18706		0
196	505.0		0.035	92.2		17124		18572		0
197	504.0		0.036	92.1		16976		18440		0
198	503.0		0.037	91.9		16834		18322		0
199	502.0		0.038	91.7		16692		18202		0
200	501.0		0.038	91.5		16552		18081		0
201	500.0		0.039	91.3		16414		17973		0
202	499.0		0.040	91.2		16278		17862		0
203	498.0		0.041	91.0		32627		35870		0
204	497.0		0.042	90.8		16008		17635		0
205	496.0		0.043	90.5		32056		35402		0
206	495.0		0.044	90.3		31742		35159		0
207	494.0		0.046	90.1		31424		34895		0
208	493.0		0.047	89.8		31102		34628		0
209	492.0		0.048	89.6		30804		34387		0
210	491.0		0.049	89.3		30526		34180		0
211	490.0		0.050	89.1		30261		33967		0
212	489.0		0.051	88.8		29989		33753		0
213	488.0		0.053	88.6		29718		33535		0
214	487.0		0.054	88.3		29430		33311		0
215	486.0		0.055	88.1		29170		33106		0
216	485.0		0.056	87.8		28887		32898		0
217	484.0		0.058	87.6		28602		32665		0
218	483.0		0.059	87.3		28293		32420		0
219	482.0		0.061	87.0		27976		32177		0
220	481.0		0.062	86.7		27693		31943		0
221	480.0		0.063	86.4		27419		31734		0
222	479.0		0.065	86.2		27162		31529		0
223	478.0		0.066	85.9		26911		31320		0
224	477.0		0.067	85.7		26637		31096		0
225	476.0		0.068	85.4		26371		30868		0
226	475.0		0.070	85.2		26098		30636		0
227	474.0		0.071	85.0		25828		30408		0
228	473.0		0.072	84.7		25547		30162		0
229	472.0		0.073	84.5		25273		29906		0
230	471.0		0.074	84.3		24978		29643		0
231	470.0		0.076	84.0		24677		29384		0
232	469.0		0.077	83.8		24397		29126		0
233	468.0		0.078	83.6		24136		28869		0
234	467.0		0.079	83.4		23860		28610		0
235	466.0		0.080	83.3		23591		28339		0
236	465.0		0.080	83.1		23301		28053		0
237	464.0		0.081	82.9		23014		27765		0
238	463.0		0.082	82.8		22702		27465		0
239	462.0		0.083	82.6		22408		27128		0
240	461.0		0.084	82.5		22106		26809		0
241	460.0		0.084	82.3		21792		26472		0
242	459.0		0.085	82.2		21458		26111		0
243	458.0		0.086	82.1		21104		25730		0
244	457.0		0.086	82.0		20753		25341		0
245	456.0		0.087	81.9		20441		24963		0
246	455.0		0.087	81.8		20095		24582		0
247	454.0		0.088	81.7		19771		24198		0
248	453.0		0.088	81.7		19417		23795		0
249	452.0		0.088	81.6		19083		23389		0
250	451.0		0.089	81.5		18734		22985		0
251	450.0		0.089	81.5		18394		22596		0
252	449.0		0.089	81.4		18074		22213		0
253	448.0		0.090	81.4		17746		21821		0
254	447.0		0.090	81.3		17399		21409		0
255	446.0		0.090	81.3		17063		21005		0
256	445.0		0.090	81.2		16736		20607		0
257	444.0		0.091	81.2		16450		20254		0
258	443.0		0.091	81.1		16159		19925		0
259	442.0		0.091	81.1		15903		19614		0
260	441.0		0.091	81.0		15657		19326		0
261	440.0		0.092	81.0		15430		19052		0
262	439.0		0.092	80.9		15212		18800		0
263	438.0		0.092	80.9		15007		18565		0
264	437.0		0.092	80.8		14812		18329		0
265	436.0		0.093	80.8		14605		18090		0
266	435.0		0.093	80.7		14395		17828		0
267	434.0		0.094	80.6		28793		35734		0
268	433.0		0.094	80.5		28332		35193		0
269	432.0		0.095	80.4		27872		34660		0
270	431.0		0.095	80.4		27428		34149		0
271	430.0		0.095	80.3		26981		33610		0
272	429.0		0.095	80.3		27321		34001		0
273	428.0		0.096	80.2		27399		34148		0
274	427.0		0.096	80.2		27459		34268		0
275	426.0		0.097	80.0		27501		34363		0
276	425.0		0.097	79.9		27526		34446		0
277	424.0		0.098	79.8		27534		34500		0
278	423.0		0.099	79.6		27508		34542		0
279	422.0		0.100	79.5		27465		34550		0
280	421.0		0.100	79.4		27403		34527		0
281	420.0		0.101	79.3		27328		34478		0
282	419.0		0.102	79.1		27233		34416		0
283	418.0		0.102	79.0		27117		34319		0
284	417.0		0.103	78.9		26985		34196		0
285	416.0		0.104	78.8		26824		34054		0
286	415.0		0.104	78.7		26653		33900		0
287	414.0		0.105	78.6		26473		33716		0
288	413.0		0.105	78.5		26276		33514		0
289	412.0		0.106	78.4		26054		33280		0
290	411.0		0.106	78.3		25828		33020		0
291	410.0		0.107	78.2		25587		32760		0
292	409.0		0.107	78.1		25351		32480		0
293	408.0		0.108	78.0		25118		32189		0
294	407.0		0.108	78.0		24865		31901		0
295	406.0		0.108	77.9		24607		31599		0
296	405.0		0.109	77.9		24348		31270		0
297	404.0		0.109	77.8		24069		30922		0
298	403.0		0.109	77.8		23787		30576		0
299	402.0		0.109	77.8		23504		30238		0
300	401.0		0.109	77.7		23225		29868		0
301	400.0		0.109	77.7		22926		29487		0
