23MS144.wls
Scan Wavelength: 400.0 nm - 700.0 nm  Test Mode: Abs Mode  Test Time:23-09-2024 15:57:18
Peak/Valley Data Record
No.	Wavelength(nm)	Abs	Trans(%T)	Energy	Energy(100%T)	Energy(0%T)
No Peak/Valley Data.
Wavelength Scan Data Record
No.	Wavelength(nm)	Abs	Trans(%T)	Energy	Energy(100%T)	Energy(0%T)
1	700.0		0.011	97.5		34979		34252		0
2	699.0		0.012	97.2		34904		34857		0
3	698.0		0.013	97.0		34788		35508		0
4	697.0		0.015	96.6		34665		35858		0
5	696.0		0.016	96.4		34532		35761		0
6	695.0		0.017	96.2		34373		35652		0
7	694.0		0.017	96.1		34202		35536		0
8	693.0		0.018	96.0		34029		35390		0
9	692.0		0.019	95.8		33834		35243		0
10	691.0		0.019	95.7		33643		35099		0
11	690.0		0.020	95.5		33467		34955		0
12	689.0		0.021	95.4		33280		34822		0
13	688.0		0.021	95.2		33058		34661		0
14	687.0		0.022	95.0		32831		34488		0
15	686.0		0.023	94.8		32591		34303		0
16	685.0		0.024	94.6		32347		34112		0
17	684.0		0.025	94.5		32109		33920		0
18	683.0		0.026	94.3		31858		33711		0
19	682.0		0.026	94.1		31611		33513		0
20	681.0		0.027	93.9		31379		33338		0
21	680.0		0.028	93.7		31145		33149		0
22	679.0		0.029	93.6		30926		32988		0
23	678.0		0.030	93.4		30696		32820		0
24	677.0		0.031	93.2		30482		32656		0
25	676.0		0.032	93.0		30267		32485		0
26	675.0		0.033	92.7		30028		32318		0
27	674.0		0.034	92.5		29794		32144		0
28	673.0		0.035	92.3		29564		31966		0
29	672.0		0.036	92.1		29366		31819		0
30	671.0		0.037	91.9		29193		31701		0
31	670.0		0.038	91.7		29032		31600		0
32	669.0		0.039	91.4		28877		31524		0
33	668.0		0.040	91.2		28737		31446		0
34	667.0		0.041	91.0		28600		31361		0
35	666.0		0.042	90.8		28471		31292		0
36	665.0		0.043	90.6		28352		31233		0
37	664.0		0.044	90.3		28238		31181		0
38	663.0		0.045	90.1		28098		31118		0
39	662.0		0.047	89.8		27984		31076		0
40	661.0		0.048	89.6		27886		31058		0
41	660.0		0.049	89.3		27824		31071		0
42	659.0		0.050	89.1		27778		31093		0
43	658.0		0.051	88.9		27732		31122		0
44	657.0		0.052	88.7		27682		31150		0
45	656.0		0.053	88.4		27647		31188		0
46	655.0		0.055	88.2		27612		31227		0
47	654.0		0.056	88.0		27583		31281		0
48	653.0		0.057	87.8		27556		31337		0
49	652.0		0.058	87.5		27538		31388		0
50	651.0		0.059	87.3		27535		31463		0
51	650.0		0.060	87.1		27557		31571		0
52	649.0		0.061	86.8		27594		31690		0
53	648.0		0.062	86.6		27646		31817		0
54	647.0		0.063	86.4		27691		31940		0
55	646.0		0.064	86.2		27737		32069		0
56	645.0		0.065	86.0		27782		32204		0
57	644.0		0.066	85.8		27842		32349		0
58	643.0		0.067	85.6		27910		32495		0
59	642.0		0.068	85.4		27981		32657		0
60	641.0		0.069	85.3		28064		32820		0
61	640.0		0.070	85.1		28165		33004		0
62	639.0		0.071	84.9		28276		33212		0
63	638.0		0.072	84.8		28412		33443		0
64	637.0		0.073	84.6		28550		33668		0
65	636.0		0.073	84.5		28690		33884		0
66	635.0		0.074	84.3		28832		34106		0
67	634.0		0.075	84.2		28977		34318		0
68	633.0		0.075	84.1		29128		34530		0
69	632.0		0.076	84.0		29283		34765		0
70	631.0		0.076	83.9		29442		35004		0
71	630.0		0.077	83.8		29616		35261		0
72	629.0		0.077	83.7		29811		35516		0
73	628.0		0.078	83.7		30011		35770		0
74	627.0		0.078	83.6		30224		36065		0
75	626.0		0.078	83.5		30450		36368		0
76	625.0		0.079	83.4		30675		36658		0
77	624.0		0.079	83.4		30895		36949		0
78	623.0		0.079	83.3		31107		37233		0
79	622.0		0.079	83.3		31331		37510		0
80	621.0		0.079	83.3		31578		37808		0
81	620.0		0.079	83.3		31832		38135		0
82	619.0		0.079	83.3		32112		38467		0
83	618.0		0.079	83.3		32390		38798		0
84	617.0		0.079	83.3		32667		39112		0
85	616.0		0.079	83.3		32946		39456		0
86	615.0		0.079	83.4		33267		39835		0
87	614.0		0.079	83.4		33588		40198		0
88	613.0		0.079	83.4		33897		40542		0
89	612.0		0.078	83.5		34192		40878		0
90	611.0		0.078	83.6		34513		41216		0
91	610.0		0.078	83.6		34822		41542		0
92	609.0		0.077	83.7		35137		41864		0
93	608.0		0.077	83.8		35413		42164		0
94	607.0		0.076	83.9		35667		42416		0
95	606.0		0.076	84.0		35896		42640		0
96	605.0		0.075	84.1		36090		42798		0
97	604.0		0.074	84.3		36238		42928		0
98	603.0		0.074	84.4		36321		42948		0
99	602.0		0.073	84.5		36328		42891		0
100	601.0		0.072	84.7		36277		42740		0
101	600.0		0.071	84.8		36159		42525		0
102	599.0		0.071	85.0		35961		42225		0
103	598.0		0.070	85.2		35703		41838		0
104	597.0		0.069	85.3		35324		41328		0
105	596.0		0.068	85.5		34870		40689		0
106	595.0		0.067	85.7		34324		39970		0
107	594.0		0.066	85.9		33754		39203		0
108	593.0		0.065	86.1		33079		38336		0
109	592.0		0.064	86.3		32349		37404		0
110	591.0		0.063	86.5		31561		36413		0
111	590.0		0.062	86.7		30769		35454		0
112	589.0		0.061	86.9		30004		34469		0
113	588.0		0.060	87.1		29298		33563		0
114	587.0		0.059	87.3		28611		32694		0
115	586.0		0.058	87.5		27945		31868		0
116	585.0		0.057	87.7		27318		31055		0
117	584.0		0.056	88.0		26737		30287		0
118	583.0		0.055	88.2		26160		29597		0
119	582.0		0.054	88.4		25659		29000		0
120	581.0		0.052	88.6		25229		28408		0
121	580.0		0.051	88.9		24839		27888		0
122	579.0		0.050	89.1		24497		27446		0
123	578.0		0.049	89.3		24219		27063		0
124	577.0		0.048	89.6		24013		26761		0
125	576.0		0.047	89.8		23873		26545		0
126	575.0		0.046	90.0		23808		26404		0
127	574.0		0.045	90.2		23814		26349		0
128	573.0		0.044	90.4		23899		26382		0
129	572.0		0.043	90.7		24090		26538		0
130	571.0		0.042	90.9		24403		26828		0
131	570.0		0.041	91.1		24918		27301		0
132	569.0		0.040	91.3		25722		28186		0
133	568.0		0.039	91.5		26873		29321		0
134	567.0		0.038	91.7		27940		30406		0
135	566.0		0.037	91.9		28707		31204		0
136	565.0		0.036	92.1		29290		31782		0
137	564.0		0.035	92.3		29775		32220		0
138	563.0		0.034	92.5		30125		32529		0
139	562.0		0.033	92.7		30350		32712		0
140	561.0		0.032	92.9		30442		32747		0
141	560.0		0.031	93.1		30399		32646		0
142	559.0		0.030	93.2		30227		32403		0
143	558.0		0.030	93.4		29897		32002		0
144	557.0		0.029	93.5		29440		31448		0
145	556.0		0.028	93.7		28832		30758		0
146	555.0		0.027	93.9		28089		29922		0
147	554.0		0.027	94.0		27236		28948		0
148	553.0		0.026	94.2		26318		27976		0
149	552.0		0.025	94.3		25455		27004		0
150	551.0		0.025	94.4		24588		26047		0
151	550.0		0.024	94.6		23735		25120		0
152	549.0		0.024	94.7		24896		26251		0
153	548.0		0.023	94.8		24372		25716		0
154	547.0		0.023	94.9		23860		25152		0
155	546.0		0.022	95.0		23392		24598		0
156	545.0		0.022	95.1		22884		24055		0
157	544.0		0.021	95.3		22438		23560		0
158	543.0		0.021	95.3		22233		23327		0
159	542.0		0.020	95.4		22247		23308		0
160	541.0		0.020	95.5		22252		23290		0
161	540.0		0.020	95.6		22213		23246		0
162	539.0		0.019	95.6		22166		23178		0
163	538.0		0.019	95.7		22094		23092		0
164	537.0		0.019	95.7		22000		22986		0
165	536.0		0.019	95.8		21902		22869		0
166	535.0		0.018	95.8		21792		22748		0
167	534.0		0.018	95.9		21668		22612		0
168	533.0		0.018	95.9		21534		22462		0
169	532.0		0.018	95.9		21394		22306		0
170	531.0		0.018	96.0		21243		22147		0
171	530.0		0.018	96.0		21098		21986		0
172	529.0		0.018	96.0		20958		21842		0
173	528.0		0.018	96.0		20822		21702		0
174	527.0		0.018	96.0		20685		21554		0
175	526.0		0.018	96.0		20536		21412		0
176	525.0		0.018	95.9		20386		21261		0
177	524.0		0.018	95.9		20237		21111		0
178	523.0		0.018	95.9		20079		20949		0
179	522.0		0.018	95.9		19927		20799		0
180	521.0		0.018	95.8		19777		20641		0
181	520.0		0.019	95.8		19627		20499		0
182	519.0		0.019	95.8		19482		20355		0
183	518.0		0.019	95.7		19326		20204		0
184	517.0		0.019	95.7		19174		20054		0
185	516.0		0.020	95.6		19025		19907		0
186	515.0		0.020	95.5		18876		19772		0
187	514.0		0.020	95.5		18727		19626		0
188	513.0		0.021	95.4		18574		19489		0
189	512.0		0.021	95.3		18422		19341		0
190	511.0		0.021	95.2		18280		19199		0
191	510.0		0.022	95.1		18149		19078		0
192	509.0		0.022	95.0		18014		18964		0
193	508.0		0.023	94.9		17875		18831		0
194	507.0		0.023	94.8		17726		18694		0
195	506.0		0.024	94.7		17576		18565		0
196	505.0		0.024	94.6		17429		18429		0
197	504.0		0.025	94.5		17286		18306		0
198	503.0		0.025	94.3		17145		18179		0
199	502.0		0.026	94.2		17016		18061		0
200	501.0		0.027	94.1		16885		17946		0
201	500.0		0.027	93.9		16752		17828		0
202	499.0		0.028	93.8		33574		35811		0
203	498.0		0.029	93.6		16482		17614		0
204	497.0		0.029	93.5		33027		35366		0
205	496.0		0.030	93.3		32756		35128		0
206	495.0		0.031	93.1		32479		34887		0
207	494.0		0.032	92.9		32168		34625		0
208	493.0		0.033	92.7		31863		34367		0
209	492.0		0.034	92.6		31583		34128		0
210	491.0		0.034	92.4		31313		33900		0
211	490.0		0.035	92.2		31057		33696		0
212	489.0		0.036	92.0		30810		33482		0
213	488.0		0.037	91.8		30543		33274		0
214	487.0		0.038	91.6		30282		33056		0
215	486.0		0.039	91.4		30029		32840		0
216	485.0		0.040	91.2		29777		32638		0
217	484.0		0.041	91.0		29503		32413		0
218	483.0		0.042	90.8		29214		32158		0
219	482.0		0.043	90.6		28915		31924		0
220	481.0		0.044	90.4		28655		31697		0
221	480.0		0.045	90.2		28380		31486		0
222	479.0		0.046	90.0		28138		31285		0
223	478.0		0.047	89.8		27886		31081		0
224	477.0		0.048	89.6		27627		30858		0
225	476.0		0.048	89.5		27385		30623		0
226	475.0		0.049	89.3		27121		30394		0
227	474.0		0.050	89.1		26871		30167		0
228	473.0		0.051	88.9		26595		29921		0
229	472.0		0.052	88.8		26323		29657		0
230	471.0		0.053	88.6		26044		29398		0
231	470.0		0.054	88.4		25754		29143		0
232	469.0		0.054	88.2		25478		28888		0
233	468.0		0.055	88.1		25206		28627		0
234	467.0		0.056	87.9		24949		28375		0
235	466.0		0.057	87.8		24673		28106		0
236	465.0		0.057	87.7		24386		27837		0
237	464.0		0.058	87.5		24096		27532		0
238	463.0		0.058	87.4		23785		27238		0
239	462.0		0.059	87.3		23481		26905		0
240	461.0		0.059	87.2		23191		26586		0
241	460.0		0.060	87.1		22866		26245		0
242	459.0		0.060	87.0		22515		25885		0
243	458.0		0.061	86.9		22161		25519		0
244	457.0		0.061	86.9		21829		25120		0
245	456.0		0.061	86.8		21487		24735		0
246	455.0		0.062	86.7		21130		24376		0
247	454.0		0.062	86.7		20780		23990		0
248	453.0		0.062	86.6		20443		23584		0
249	452.0		0.063	86.6		20063		23171		0
250	451.0		0.063	86.6		19724		22782		0
251	450.0		0.063	86.5		19376		22402		0
252	449.0		0.063	86.5		19034		21998		0
253	448.0		0.063	86.4		18688		21622		0
254	447.0		0.064	86.4		18310		21214		0
255	446.0		0.064	86.4		17963		20817		0
256	445.0		0.064	86.3		17624		20422		0
257	444.0		0.064	86.3		17313		20059		0
258	443.0		0.064	86.3		17020		19743		0
259	442.0		0.064	86.3		16752		19436		0
260	441.0		0.064	86.2		16508		19138		0
261	440.0		0.065	86.2		16254		18876		0
262	439.0		0.065	86.2		16034		18628		0
263	438.0		0.065	86.1		15821		18387		0
264	437.0		0.065	86.1		15620		18150		0
265	436.0		0.065	86.0		15404		17917		0
266	435.0		0.066	86.0		15177		17663		0
267	434.0		0.066	85.9		30390		35405		0
268	433.0		0.066	85.9		29918		34853		0
269	432.0		0.066	85.8		29433		34336		0
270	431.0		0.067	85.8		28958		33803		0
271	430.0		0.067	85.8		28507		33280		0
272	429.0		0.067	85.8		28844		33641		0
273	428.0		0.067	85.7		28941		33784		0
274	427.0		0.067	85.7		29027		33904		0
275	426.0		0.068	85.6		29074		34002		0
276	425.0		0.068	85.5		29112		34096		0
277	424.0		0.069	85.4		29130		34150		0
278	423.0		0.069	85.3		29125		34177		0
279	422.0		0.070	85.2		29096		34188		0
280	421.0		0.070	85.1		29042		34168		0
281	420.0		0.071	85.0		28974		34128		0
282	419.0		0.071	84.9		28893		34060		0
283	418.0		0.072	84.8		28779		33972		0
284	417.0		0.072	84.7		28651		33853		0
285	416.0		0.073	84.6		28490		33710		0
286	415.0		0.073	84.5		28322		33542		0
287	414.0		0.073	84.4		28141		33357		0
288	413.0		0.074	84.4		27937		33151		0
289	412.0		0.074	84.3		27717		32923		0
290	411.0		0.075	84.2		27480		32661		0
291	410.0		0.075	84.1		27234		32388		0
292	409.0		0.075	84.1		26975		32111		0
293	408.0		0.076	84.0		26719		31842		0
294	407.0		0.076	84.0		26469		31545		0
295	406.0		0.076	83.9		26195		31247		0
296	405.0		0.076	83.9		25910		30922		0
297	404.0		0.077	83.8		25624		30595		0
298	403.0		0.077	83.8		25319		30245		0
299	402.0		0.077	83.8		25032		29878		0
300	401.0		0.077	83.7		24718		29527		0
301	400.0		0.077	83.7		24398		29150		0
