23MS075.wls
Scan Wavelength: 400.0 nm - 700.0 nm  Test Mode: Abs Mode  Test Time:15-10-2024 15:20:13
Peak/Valley Data Record
No.	Wavelength(nm)	Abs	Trans(%T)	Energy	Energy(100%T)	Energy(0%T)
No Peak/Valley Data.
Wavelength Scan Data Record
No.	Wavelength(nm)	Abs	Trans(%T)	Energy	Energy(100%T)	Energy(0%T)
1	700.0		0.044	90.3		32730		34613		0
2	699.0		0.046	89.9		32573		35210		0
3	698.0		0.048	89.5		32370		35827		0
4	697.0		0.051	88.9		32133		36223		0
5	696.0		0.054	88.3		31888		36127		0
6	695.0		0.056	87.9		31652		36021		0
7	694.0		0.058	87.4		31373		35900		0
8	693.0		0.061	87.0		31101		35746		0
9	692.0		0.063	86.5		30808		35590		0
10	691.0		0.065	86.1		30500		35444		0
11	690.0		0.068	85.6		30208		35304		0
12	689.0		0.070	85.1		29918		35172		0
13	688.0		0.073	84.6		29600		35015		0
14	687.0		0.076	84.0		29262		34828		0
15	686.0		0.078	83.5		28906		34646		0
16	685.0		0.081	82.9		28554		34452		0
17	684.0		0.084	82.3		28202		34255		0
18	683.0		0.087	81.8		27852		34050		0
19	682.0		0.090	81.2		27497		33871		0
20	681.0		0.093	80.6		27154		33682		0
21	680.0		0.096	80.1		26827		33496		0
22	679.0		0.099	79.5		26508		33321		0
23	678.0		0.102	79.0		26202		33156		0
24	677.0		0.106	78.4		25862		32993		0
25	676.0		0.109	77.8		25538		32824		0
26	675.0		0.113	77.2		25196		32644		0
27	674.0		0.116	76.5		24844		32481		0
28	673.0		0.120	75.9		24529		32311		0
29	672.0		0.123	75.3		24209		32156		0
30	671.0		0.127	74.7		23927		32023		0
31	670.0		0.130	74.1		23665		31926		0
32	669.0		0.133	73.5		23404		31842		0
33	668.0		0.137	72.9		23163		31752		0
34	667.0		0.141	72.3		22912		31680		0
35	666.0		0.144	71.7		22677		31615		0
36	665.0		0.148	71.1		22449		31560		0
37	664.0		0.152	70.5		22230		31510		0
38	663.0		0.156	69.9		21986		31454		0
39	662.0		0.159	69.3		21740		31399		0
40	661.0		0.163	68.7		21541		31382		0
41	660.0		0.167	68.1		21355		31386		0
42	659.0		0.171	67.5		21196		31408		0
43	658.0		0.175	66.9		21030		31436		0
44	657.0		0.178	66.3		20870		31468		0
45	656.0		0.182	65.8		20724		31501		0
46	655.0		0.186	65.2		20578		31543		0
47	654.0		0.189	64.7		20434		31595		0
48	653.0		0.193	64.1		20298		31653		0
49	652.0		0.197	63.6		20159		31719		0
50	651.0		0.201	63.0		20032		31797		0
51	650.0		0.204	62.5		19918		31901		0
52	649.0		0.208	61.9		19829		32026		0
53	648.0		0.212	61.4		19745		32147		0
54	647.0		0.215	61.0		19670		32276		0
55	646.0		0.218	60.5		19603		32403		0
56	645.0		0.222	60.0		19535		32531		0
57	644.0		0.225	59.6		19477		32684		0
58	643.0		0.228	59.2		19424		32837		0
59	642.0		0.231	58.7		19382		32985		0
60	641.0		0.234	58.3		19350		33152		0
61	640.0		0.237	58.0		19332		33342		0
62	639.0		0.240	57.6		19319		33566		0
63	638.0		0.243	57.2		19322		33791		0
64	637.0		0.245	56.8		19327		34014		0
65	636.0		0.248	56.5		19342		34232		0
66	635.0		0.250	56.2		19357		34452		0
67	634.0		0.252	55.9		19380		34672		0
68	633.0		0.255	55.6		19410		34906		0
69	632.0		0.257	55.4		19451		35140		0
70	631.0		0.258	55.2		19503		35368		0
71	630.0		0.260	54.9		19568		35619		0
72	629.0		0.262	54.7		19638		35886		0
73	628.0		0.263	54.6		19716		36158		0
74	627.0		0.265	54.4		19812		36453		0
75	626.0		0.266	54.2		19917		36756		0
76	625.0		0.267	54.1		20030		37036		0
77	624.0		0.268	54.0		20146		37342		0
78	623.0		0.268	53.9		20269		37614		0
79	622.0		0.269	53.8		20403		37901		0
80	621.0		0.269	53.8		20547		38228		0
81	620.0		0.269	53.8		20718		38550		0
82	619.0		0.270	53.8		20891		38875		0
83	618.0		0.270	53.8		21067		39199		0
84	617.0		0.269	53.8		21252		39542		0
85	616.0		0.269	53.8		21462		39884		0
86	615.0		0.268	53.9		21691		40245		0
87	614.0		0.268	54.0		21918		40621		0
88	613.0		0.267	54.1		22158		40979		0
89	612.0		0.266	54.2		22402		41315		0
90	611.0		0.265	54.4		22649		41664		0
91	610.0		0.263	54.5		22905		41999		0
92	609.0		0.262	54.7		23162		42325		0
93	608.0		0.260	54.9		23412		42627		0
94	607.0		0.258	55.2		23642		42879		0
95	606.0		0.256	55.4		23872		43114		0
96	605.0		0.254	55.7		24074		43281		0
97	604.0		0.252	56.0		24265		43388		0
98	603.0		0.250	56.3		24417		43416		0
99	602.0		0.247	56.6		24537		43348		0
100	601.0		0.244	57.0		24604		43204		0
101	600.0		0.242	57.3		24636		42989		0
102	599.0		0.239	57.7		24621		42677		0
103	598.0		0.236	58.1		24545		42268		0
104	597.0		0.233	58.5		24407		41746		0
105	596.0		0.230	58.9		24205		41115		0
106	595.0		0.227	59.3		23957		40391		0
107	594.0		0.224	59.8		23684		39602		0
108	593.0		0.220	60.2		23328		38715		0
109	592.0		0.217	60.7		22953		37797		0
110	591.0		0.213	61.2		22540		36810		0
111	590.0		0.209	61.8		22110		35746		0
112	589.0		0.205	62.3		21694		34779		0
113	588.0		0.202	62.9		21304		33883		0
114	587.0		0.198	63.4		20930		33005		0
115	586.0		0.194	63.9		20584		32176		0
116	585.0		0.191	64.5		20239		31380		0
117	584.0		0.187	65.1		19915		30625		0
118	583.0		0.183	65.6		19630		29905		0
119	582.0		0.179	66.2		19384		29243		0
120	581.0		0.175	66.8		19166		28675		0
121	580.0		0.171	67.4		18988		28179		0
122	579.0		0.167	68.1		18859		27716		0
123	578.0		0.163	68.7		18774		27323		0
124	577.0		0.159	69.3		18741		27018		0
125	576.0		0.155	70.0		18761		26815		0
126	575.0		0.151	70.6		18828		26670		0
127	574.0		0.148	71.2		18940		26619		0
128	573.0		0.144	71.8		19130		26654		0
129	572.0		0.140	72.4		19414		26814		0
130	571.0		0.137	73.0		19771		27109		0
131	570.0		0.133	73.6		20307		27625		0
132	569.0		0.130	74.2		21136		28511		0
133	568.0		0.126	74.8		22149		29688		0
134	567.0		0.123	75.4		23171		30787		0
135	566.0		0.119	76.0		23981		31577		0
136	565.0		0.116	76.6		24622		32131		0
137	564.0		0.112	77.2		25144		32576		0
138	563.0		0.109	77.8		25557		32890		0
139	562.0		0.106	78.3		25876		33067		0
140	561.0		0.103	78.8		26084		33106		0
141	560.0		0.100	79.4		26180		33007		0
142	559.0		0.098	79.9		26141		32752		0
143	558.0		0.095	80.4		25977		32350		0
144	557.0		0.092	80.9		25680		31797		0
145	556.0		0.090	81.3		25259		31091		0
146	555.0		0.087	81.8		24725		30228		0
147	554.0		0.084	82.3		24065		29247		0
148	553.0		0.082	82.8		23354		28285		0
149	552.0		0.080	83.2		22678		27274		0
150	551.0		0.078	83.6		21965		26300		0
151	550.0		0.076	84.0		21268		25401		0
152	549.0		0.074	84.4		22314		26469		0
153	548.0		0.072	84.7		21939		25882		0
154	547.0		0.070	85.0		21531		25324		0
155	546.0		0.069	85.4		21150		24774		0
156	545.0		0.067	85.7		20750		24214		0
157	544.0		0.066	85.9		20393		23743		0
158	543.0		0.064	86.2		20263		23516		0
159	542.0		0.063	86.5		20320		23505		0
160	541.0		0.062	86.7		20358		23483		0
161	540.0		0.061	87.0		20367		23427		0
162	539.0		0.060	87.2		20350		23359		0
163	538.0		0.059	87.3		20311		23273		0
164	537.0		0.058	87.5		20250		23166		0
165	536.0		0.057	87.6		20182		23041		0
166	535.0		0.057	87.8		20100		22924		0
167	534.0		0.056	87.9		20006		22788		0
168	533.0		0.056	88.0		19900		22642		0
169	532.0		0.055	88.0		19779		22489		0
170	531.0		0.055	88.1		19649		22322		0
171	530.0		0.055	88.1		19521		22169		0
172	529.0		0.055	88.2		19400		22020		0
173	528.0		0.055	88.2		19273		21874		0
174	527.0		0.055	88.2		19138		21726		0
175	526.0		0.055	88.1		19004		21573		0
176	525.0		0.055	88.1		18857		21424		0
177	524.0		0.055	88.0		18710		21265		0
178	523.0		0.056	88.0		18555		21107		0
179	522.0		0.056	87.9		18396		20954		0
180	521.0		0.056	87.8		18252		20806		0
181	520.0		0.057	87.7		18094		20654		0
182	519.0		0.058	87.5		17936		20507		0
183	518.0		0.059	87.4		17763		20354		0
184	517.0		0.059	87.2		17597		20202		0
185	516.0		0.060	87.0		17438		20059		0
186	515.0		0.061	86.8		17270		19917		0
187	514.0		0.063	86.6		17104		19774		0
188	513.0		0.064	86.3		16941		19636		0
189	512.0		0.065	86.1		16761		19487		0
190	511.0		0.066	85.8		16591		19354		0
191	510.0		0.068	85.5		16426		19229		0
192	509.0		0.069	85.3		16270		19099		0
193	508.0		0.071	84.9		16108		18979		0
194	507.0		0.073	84.6		15919		18838		0
195	506.0		0.075	84.2		15730		18706		0
196	505.0		0.077	83.8		15552		18572		0
197	504.0		0.078	83.5		15383		18440		0
198	503.0		0.081	83.1		15203		18322		0
199	502.0		0.083	82.7		15030		18202		0
200	501.0		0.085	82.3		14856		18081		0
201	500.0		0.087	81.8		14686		17973		0
202	499.0		0.090	81.4		14516		17862		0
203	498.0		0.092	80.9		28988		35870		0
204	497.0		0.095	80.4		14172		17635		0
205	496.0		0.097	79.9		28275		35402		0
206	495.0		0.100	79.4		27884		35159		0
207	494.0		0.103	78.9		27487		34895		0
208	493.0		0.106	78.3		27105		34628		0
209	492.0		0.109	77.8		26714		34387		0
210	491.0		0.112	77.2		26353		34180		0
211	490.0		0.115	76.7		26016		33967		0
212	489.0		0.118	76.2		25684		33753		0
213	488.0		0.121	75.6		25318		33535		0
214	487.0		0.125	75.1		24979		33311		0
215	486.0		0.128	74.5		24632		33106		0
216	485.0		0.131	73.9		24298		32898		0
217	484.0		0.135	73.4		23939		32665		0
218	483.0		0.138	72.8		23554		32420		0
219	482.0		0.142	72.2		23192		32177		0
220	481.0		0.145	71.6		22823		31943		0
221	480.0		0.149	71.0		22478		31734		0
222	479.0		0.152	70.4		22166		31529		0
223	478.0		0.155	69.9		21863		31320		0
224	477.0		0.159	69.4		21549		31096		0
225	476.0		0.162	68.9		21235		30868		0
226	475.0		0.165	68.4		20912		30636		0
227	474.0		0.168	67.9		20611		30408		0
228	473.0		0.171	67.4		20302		30162		0
229	472.0		0.174	66.9		19984		29906		0
230	471.0		0.177	66.5		19676		29643		0
231	470.0		0.180	66.0		19361		29384		0
232	469.0		0.183	65.6		19068		29126		0
233	468.0		0.186	65.2		18782		28869		0
234	467.0		0.188	64.8		18504		28610		0
235	466.0		0.191	64.5		18238		28339		0
236	465.0		0.193	64.1		17964		28053		0
237	464.0		0.195	63.8		17680		27765		0
238	463.0		0.197	63.5		17403		27465		0
239	462.0		0.199	63.2		17125		27128		0
240	461.0		0.201	63.0		16846		26809		0
241	460.0		0.203	62.7		16571		26472		0
242	459.0		0.204	62.5		16282		26111		0
243	458.0		0.206	62.3		15994		25730		0
244	457.0		0.207	62.1		15695		25341		0
245	456.0		0.209	61.9		15407		24963		0
246	455.0		0.210	61.7		15135		24582		0
247	454.0		0.211	61.6		14868		24198		0
248	453.0		0.212	61.4		14579		23795		0
249	452.0		0.212	61.3		14306		23389		0
250	451.0		0.213	61.2		14039		22985		0
251	450.0		0.214	61.1		13781		22596		0
252	449.0		0.215	61.0		13516		22213		0
253	448.0		0.215	60.9		13258		21821		0
254	447.0		0.216	60.8		12998		21409		0
255	446.0		0.216	60.7		12729		21005		0
256	445.0		0.217	60.7		12474		20607		0
257	444.0		0.218	60.6		12244		20254		0
258	443.0		0.218	60.5		12026		19925		0
259	442.0		0.219	60.4		11832		19614		0
260	441.0		0.219	60.3		11634		19326		0
261	440.0		0.220	60.3		11460		19052		0
262	439.0		0.221	60.2		11290		18800		0
263	438.0		0.221	60.1		11137		18565		0
264	437.0		0.222	60.0		10975		18329		0
265	436.0		0.223	59.9		10806		18090		0
266	435.0		0.224	59.7		10632		17828		0
267	434.0		0.225	59.6		21249		35734		0
268	433.0		0.226	59.4		20883		35193		0
269	432.0		0.227	59.3		20506		34660		0
270	431.0		0.228	59.2		20141		34149		0
271	430.0		0.228	59.1		19784		33610		0
272	429.0		0.228	59.2		20150		34001		0
273	428.0		0.228	59.1		20172		34148		0
274	427.0		0.229	59.0		20177		34268		0
275	426.0		0.231	58.8		20169		34363		0
276	425.0		0.232	58.6		20144		34446		0
277	424.0		0.234	58.3		20109		34500		0
278	423.0		0.236	58.1		20049		34542		0
279	422.0		0.237	57.9		19969		34550		0
280	421.0		0.239	57.7		19883		34527		0
281	420.0		0.241	57.5		19785		34478		0
282	419.0		0.242	57.2		19678		34416		0
283	418.0		0.244	57.0		19550		34319		0
284	417.0		0.245	56.8		19414		34196		0
285	416.0		0.247	56.7		19269		34054		0
286	415.0		0.248	56.5		19106		33900		0
287	414.0		0.250	56.3		18947		33716		0
288	413.0		0.251	56.1		18776		33514		0
289	412.0		0.252	56.0		18592		33280		0
290	411.0		0.253	55.8		18396		33020		0
291	410.0		0.254	55.7		18200		32760		0
292	409.0		0.255	55.5		18007		32480		0
293	408.0		0.256	55.4		17816		32189		0
294	407.0		0.257	55.3		17622		31901		0
295	406.0		0.258	55.3		17434		31599		0
296	405.0		0.258	55.2		17231		31270		0
297	404.0		0.258	55.2		17030		30922		0
298	403.0		0.259	55.1		16827		30576		0
299	402.0		0.259	55.1		16629		30238		0
300	401.0		0.259	55.1		16422		29868		0
301	400.0		0.259	55.0		16210		29487		0
