170	1474
171	1465
172	1387
173	1378
174	1432
175	1495
176	1541
177	1463
178	1500
179	1558
180	1567
181	1659
182	1820
183	1806
184	2041
185	2160
186	2406
187	2671
188	3097
189	3465
190	4148
191	4626
192	5492
193	6271
194	7305
195	8230
196	9407
197	10873
198	11962
199	13275
200	14838
201	15631
202	16539
203	17818
204	18484
205	18689
206	19204
207	18706
208	18493
209	17618
210	17091
211	15530
212	14335
213	12742
214	11578
215	10084
216	8872
217	7459
218	6331
219	5062
220	4385
221	3480
222	3023
223	2425
224	2056
225	1740
226	1464
227	1280
228	1182
229	1045
230	944
231	875
232	889
233	768
234	771
235	749