440	467
441	474
442	468
443	425
444	495
445	458
446	487
447	573
448	567
449	605
450	650
451	689
452	758
453	816
454	880
455	924
456	1007
457	1010
458	1161
459	1181
460	1255
461	1381
462	1416
463	1451
464	1497
465	1602
466	1604
467	1586
468	1526
469	1528
470	1556
471	1589
472	1490
473	1489
474	1491
475	1396
476	1383
477	1290
478	1172
479	1124
480	1020
481	921
482	895
483	833
484	776
485	708
486	631
487	561
488	522
489	447
490	402
491	377
492	354
493	306
494	266
495	263
496	206
497	192
498	185
499	162
500	172
501	140
502	131
503	132
504	97
505	99
