23MS166_ [Co(NH3)5Cl]Cl2.wls
Scan Wavelength: 400.0 nm - 700.0 nm  Test Mode: Abs Mode  Test Time:06-09-2024 16:13:25
Peak/Valley Data Record
No.	Wavelength(nm)	Abs	Trans(%T)	Energy	Energy(100%T)	Energy(0%T)
No Peak/Valley Data.
Wavelength Scan Data Record
No.	Wavelength(nm)	Abs	Trans(%T)	Energy	Energy(100%T)	Energy(0%T)
1	700.0		0.007	98.4		35127		34153		0
2	699.0		0.008	98.3		35082		34743		0
3	698.0		0.008	98.1		35020		35305		0
4	697.0		0.009	97.9		34938		35717		0
5	696.0		0.010	97.8		34836		35634		0
6	695.0		0.010	97.7		34723		35517		0
7	694.0		0.010	97.7		34604		35399		0
8	693.0		0.010	97.7		34461		35252		0
9	692.0		0.010	97.7		34317		35096		0
10	691.0		0.010	97.7		34164		34940		0
11	690.0		0.010	97.7		34025		34808		0
12	689.0		0.010	97.7		33889		34665		0
13	688.0		0.010	97.7		33737		34496		0
14	687.0		0.010	97.7		33554		34326		0
15	686.0		0.010	97.6		33373		34133		0
16	685.0		0.010	97.6		33180		33955		0
17	684.0		0.010	97.6		32984		33767		0
18	683.0		0.011	97.6		32786		33563		0
19	682.0		0.011	97.6		32603		33365		0
20	681.0		0.011	97.6		32416		33174		0
21	680.0		0.010	97.6		32236		33002		0
22	679.0		0.010	97.6		32075		32827		0
23	678.0		0.011	97.6		31904		32666		0
24	677.0		0.011	97.6		31748		32508		0
25	676.0		0.011	97.6		31587		32346		0
26	675.0		0.011	97.6		31405		32163		0
27	674.0		0.011	97.5		31238		31986		0
28	673.0		0.011	97.5		31074		31815		0
29	672.0		0.011	97.5		30928		31671		0
30	671.0		0.011	97.5		30806		31547		0
31	670.0		0.011	97.5		30702		31456		0
32	669.0		0.011	97.5		30610		31374		0
33	668.0		0.011	97.5		30526		31293		0
34	667.0		0.011	97.5		30454		31220		0
35	666.0		0.011	97.5		30395		31151		0
36	665.0		0.011	97.5		30339		31086		0
37	664.0		0.011	97.5		30277		31038		0
38	663.0		0.011	97.5		30208		30977		0
39	662.0		0.011	97.4		30160		30931		0
40	661.0		0.011	97.4		30135		30912		0
41	660.0		0.011	97.4		30142		30921		0
42	659.0		0.011	97.4		30164		30948		0
43	658.0		0.012	97.4		30186		30978		0
44	657.0		0.012	97.4		30202		31004		0
45	656.0		0.012	97.3		30225		31042		0
46	655.0		0.012	97.3		30265		31073		0
47	654.0		0.012	97.3		30309		31126		0
48	653.0		0.012	97.3		30347		31174		0
49	652.0		0.012	97.3		30400		31226		0
50	651.0		0.012	97.2		30476		31306		0
51	650.0		0.012	97.2		30569		31412		0
52	649.0		0.012	97.2		30677		31533		0
53	648.0		0.013	97.2		30788		31661		0
54	647.0		0.013	97.1		30900		31785		0
55	646.0		0.013	97.1		31018		31918		0
56	645.0		0.013	97.1		31144		32046		0
57	644.0		0.013	97.1		31279		32194		0
58	643.0		0.013	97.0		31416		32342		0
59	642.0		0.013	97.0		31542		32502		0
60	641.0		0.013	97.0		31687		32660		0
61	640.0		0.014	96.9		31849		32854		0
62	639.0		0.014	96.9		32030		33063		0
63	638.0		0.014	96.8		32237		33290		0
64	637.0		0.014	96.8		32450		33508		0
65	636.0		0.014	96.7		32640		33731		0
66	635.0		0.015	96.7		32832		33936		0
67	634.0		0.015	96.6		33027		34146		0
68	633.0		0.015	96.6		33216		34370		0
69	632.0		0.015	96.5		33421		34601		0
70	631.0		0.016	96.5		33630		34845		0
71	630.0		0.016	96.4		33840		35103		0
72	629.0		0.016	96.3		34062		35338		0
73	628.0		0.017	96.3		34295		35608		0
74	627.0		0.017	96.2		34548		35903		0
75	626.0		0.017	96.1		34796		36197		0
76	625.0		0.018	96.0		35062		36489		0
77	624.0		0.018	96.0		35290		36784		0
78	623.0		0.018	95.9		35524		37073		0
79	622.0		0.019	95.8		35771		37348		0
80	621.0		0.019	95.7		36034		37631		0
81	620.0		0.019	95.6		36309		37972		0
82	619.0		0.020	95.5		36582		38292		0
83	618.0		0.020	95.4		36846		38598		0
84	617.0		0.021	95.3		37128		38940		0
85	616.0		0.021	95.2		37415		39286		0
86	615.0		0.022	95.1		37725		39638		0
87	614.0		0.022	95.0		38013		40008		0
88	613.0		0.023	94.9		38298		40362		0
89	612.0		0.023	94.8		38567		40687		0
90	611.0		0.024	94.6		38837		41033		0
91	610.0		0.024	94.5		39098		41364		0
92	609.0		0.025	94.4		39351		41687		0
93	608.0		0.026	94.3		39576		41981		0
94	607.0		0.026	94.1		39760		42240		0
95	606.0		0.027	94.0		39898		42446		0
96	605.0		0.028	93.8		39997		42621		0
97	604.0		0.028	93.7		40034		42725		0
98	603.0		0.029	93.5		39991		42754		0
99	602.0		0.030	93.3		39862		42694		0
100	601.0		0.031	93.1		39644		42547		0
101	600.0		0.032	93.0		39368		42339		0
102	599.0		0.033	92.8		39036		42040		0
103	598.0		0.034	92.6		38579		41641		0
104	597.0		0.034	92.4		38027		41131		0
105	596.0		0.035	92.2		37366		40512		0
106	595.0		0.036	91.9		36626		39810		0
107	594.0		0.037	91.7		35890		39060		0
108	593.0		0.038	91.5		34959		38162		0
109	592.0		0.039	91.3		34039		37228		0
110	591.0		0.041	91.1		33050		36219		0
111	590.0		0.042	90.8		32074		35268		0
112	589.0		0.043	90.6		31083		34288		0
113	588.0		0.044	90.3		30216		33392		0
114	587.0		0.045	90.1		29333		32525		0
115	586.0		0.047	89.8		28517		31705		0
116	585.0		0.048	89.6		27718		30909		0
117	584.0		0.049	89.3		26973		30171		0
118	583.0		0.050	89.1		26271		29467		0
119	582.0		0.052	88.8		25643		28830		0
120	581.0		0.053	88.5		25051		28255		0
121	580.0		0.054	88.2		24517		27760		0
122	579.0		0.056	88.0		24048		27322		0
123	578.0		0.057	87.7		23636		26931		0
124	577.0		0.059	87.4		23284		26636		0
125	576.0		0.060	87.1		23028		26421		0
126	575.0		0.061	86.8		22833		26288		0
127	574.0		0.063	86.6		22710		26234		0
128	573.0		0.064	86.3		22669		26273		0
129	572.0		0.066	86.0		22720		26422		0
130	571.0		0.067	85.7		22888		26721		0
131	570.0		0.068	85.4		23228		27220		0
132	569.0		0.070	85.2		23907		28106		0
133	568.0		0.071	84.9		24806		29249		0
134	567.0		0.073	84.6		25656		30331		0
135	566.0		0.074	84.3		26191		31095		0
136	565.0		0.075	84.1		26607		31679		0
137	564.0		0.077	83.8		26894		32121		0
138	563.0		0.078	83.5		27071		32420		0
139	562.0		0.079	83.3		27145		32591		0
140	561.0		0.081	83.1		27097		32618		0
141	560.0		0.082	82.8		26939		32522		0
142	559.0		0.083	82.6		26659		32272		0
143	558.0		0.084	82.4		26273		31879		0
144	557.0		0.085	82.2		25749		31333		0
145	556.0		0.086	82.0		25118		30630		0
146	555.0		0.088	81.7		24379		29825		0
147	554.0		0.089	81.5		23507		28819		0
148	553.0		0.090	81.3		22640		27855		0
149	552.0		0.091	81.1		21822		26900		0
150	551.0		0.092	81.0		20998		25943		0
151	550.0		0.093	80.8		20200		25044		0
152	549.0		0.094	80.6		21064		26134		0
153	548.0		0.094	80.4		20569		25573		0
154	547.0		0.095	80.3		20086		25007		0
155	546.0		0.096	80.2		19604		24473		0
156	545.0		0.097	80.0		19134		23930		0
157	544.0		0.097	79.9		18733		23461		0
158	543.0		0.098	79.8		18522		23233		0
159	542.0		0.099	79.7		18491		23225		0
160	541.0		0.099	79.6		18456		23205		0
161	540.0		0.099	79.5		18397		23158		0
162	539.0		0.100	79.5		18328		23088		0
163	538.0		0.100	79.4		18247		23003		0
164	537.0		0.100	79.4		18151		22898		0
165	536.0		0.101	79.3		18050		22775		0
166	535.0		0.101	79.3		17944		22651		0
167	534.0		0.101	79.3		17834		22514		0
168	533.0		0.101	79.2		17713		22386		0
169	532.0		0.101	79.2		17591		22234		0
170	531.0		0.101	79.2		17461		22068		0
171	530.0		0.101	79.2		17342		21916		0
172	529.0		0.101	79.3		17229		21763		0
173	528.0		0.101	79.3		17122		21623		0
174	527.0		0.101	79.3		17015		21474		0
175	526.0		0.100	79.3		16904		21335		0
176	525.0		0.100	79.4		16793		21172		0
177	524.0		0.100	79.4		16679		21023		0
178	523.0		0.100	79.5		16570		20860		0
179	522.0		0.099	79.6		16457		20708		0
180	521.0		0.099	79.6		16353		20562		0
181	520.0		0.099	79.7		16253		20417		0
182	519.0		0.098	79.8		16148		20268		0
183	518.0		0.098	79.9		16047		20116		0
184	517.0		0.097	80.0		15950		19967		0
185	516.0		0.097	80.1		15856		19825		0
186	515.0		0.096	80.2		15762		19692		0
187	514.0		0.096	80.2		15667		19552		0
188	513.0		0.095	80.4		15572		19406		0
189	512.0		0.094	80.5		15480		19264		0
190	511.0		0.094	80.6		15394		19130		0
191	510.0		0.093	80.7		15315		19000		0
192	509.0		0.093	80.8		15240		18887		0
193	508.0		0.092	80.9		15162		18759		0
194	507.0		0.091	81.1		15074		18627		0
195	506.0		0.091	81.2		14992		18493		0
196	505.0		0.090	81.3		14910		18364		0
197	504.0		0.089	81.4		14830		18238		0
198	503.0		0.088	81.6		14751		18113		0
199	502.0		0.088	81.7		14678		17994		0
200	501.0		0.087	81.8		14605		17878		0
201	500.0		0.086	82.0		14537		17762		0
202	499.0		0.086	82.1		14465		17656		0
203	498.0		0.085	82.2		29099		35452		0
204	497.0		0.084	82.4		28962		35236		0
205	496.0		0.084	82.5		28817		35002		0
206	495.0		0.083	82.6		28673		34756		0
207	494.0		0.082	82.8		28516		34506		0
208	493.0		0.081	82.9		28354		34243		0
209	492.0		0.080	83.1		28199		33998		0
210	491.0		0.080	83.2		28066		33776		0
211	490.0		0.079	83.3		27933		33574		0
212	489.0		0.078	83.5		27809		33362		0
213	488.0		0.078	83.6		27674		33143		0
214	487.0		0.077	83.8		27539		32931		0
215	486.0		0.076	83.9		27410		32734		0
216	485.0		0.076	84.0		27276		32528		0
217	484.0		0.075	84.2		27134		32303		0
218	483.0		0.074	84.3		26981		32058		0
219	482.0		0.073	84.5		26828		31824		0
220	481.0		0.072	84.6		26677		31584		0
221	480.0		0.072	84.8		26538		31377		0
222	479.0		0.071	84.9		26413		31177		0
223	478.0		0.070	85.0		26283		30978		0
224	477.0		0.070	85.2		26144		30750		0
225	476.0		0.069	85.3		25991		30524		0
226	475.0		0.068	85.5		25847		30289		0
227	474.0		0.067	85.6		25702		30069		0
228	473.0		0.067	85.8		25542		29816		0
229	472.0		0.066	86.0		25369		29563		0
230	471.0		0.065	86.1		25194		29303		0
231	470.0		0.064	86.3		25028		29039		0
232	469.0		0.063	86.4		24852		28786		0
233	468.0		0.062	86.6		24675		28535		0
234	467.0		0.062	86.8		24487		28272		0
235	466.0		0.061	86.9		24302		28003		0
236	465.0		0.060	87.1		24103		27722		0
237	464.0		0.059	87.2		23898		27439		0
238	463.0		0.059	87.4		23672		27133		0
239	462.0		0.058	87.6		23442		26829		0
240	461.0		0.057	87.7		23209		26487		0
241	460.0		0.056	87.9		22949		26174		0
242	459.0		0.055	88.1		22678		25814		0
243	458.0		0.054	88.3		22400		25423		0
244	457.0		0.053	88.4		22113		25034		0
245	456.0		0.052	88.6		21824		24670		0
246	455.0		0.052	88.8		21533		24288		0
247	454.0		0.051	89.0		21236		23901		0
248	453.0		0.050	89.1		20926		23517		0
249	452.0		0.049	89.3		20606		23105		0
250	451.0		0.048	89.5		20300		22713		0
251	450.0		0.047	89.6		19976		22332		0
252	449.0		0.047	89.8		19684		21942		0
253	448.0		0.046	90.0		19370		21570		0
254	447.0		0.045	90.1		19042		21164		0
255	446.0		0.044	90.3		18706		20753		0
256	445.0		0.043	90.5		18405		20382		0
257	444.0		0.043	90.6		18113		20016		0
258	443.0		0.042	90.8		17838		19684		0
259	442.0		0.041	90.9		17590		19395		0
260	441.0		0.041	91.1		17360		19093		0
261	440.0		0.040	91.2		17150		18828		0
262	439.0		0.039	91.4		16947		18574		0
263	438.0		0.039	91.5		16759		18341		0
264	437.0		0.038	91.6		16566		18100		0
265	436.0		0.037	91.8		16373		17865		0
266	435.0		0.037	91.9		16170		17614		0
267	434.0		0.036	92.0		32448		35290		0
268	433.0		0.035	92.2		31996		34762		0
269	432.0		0.035	92.3		31552		34256		0
270	431.0		0.034	92.4		31098		33735		0
271	430.0		0.034	92.5		30648		33195		0
272	429.0		0.033	92.6		31070		33586		0
273	428.0		0.033	92.7		31220		33728		0
274	427.0		0.032	92.8		31353		33846		0
275	426.0		0.032	92.9		31472		33949		0
276	425.0		0.032	92.9		31558		34017		0
277	424.0		0.032	93.0		31625		34076		0
278	423.0		0.031	93.0		31666		34106		0
279	422.0		0.031	93.0		31678		34112		0
280	421.0		0.031	93.0		31656		34086		0
281	420.0		0.031	93.0		31622		34051		0
282	419.0		0.031	93.0		31558		33987		0
283	418.0		0.032	93.0		31465		33895		0
284	417.0		0.032	92.9		31343		33782		0
285	416.0		0.032	92.9		31190		33630		0
286	415.0		0.032	92.8		31021		33469		0
287	414.0		0.033	92.8		30829		33275		0
288	413.0		0.033	92.7		30621		33081		0
289	412.0		0.034	92.6		30372		32847		0
290	411.0		0.034	92.5		30094		32596		0
291	410.0		0.035	92.3		29798		32322		0
292	409.0		0.035	92.2		29506		32056		0
293	408.0		0.036	92.0		29190		31778		0
294	407.0		0.037	91.8		28869		31479		0
295	406.0		0.038	91.6		28533		31181		0
296	405.0		0.039	91.4		28181		30858		0
297	404.0		0.040	91.2		27793		30524		0
298	403.0		0.041	90.9		27410		30185		0
299	402.0		0.043	90.7		27010		29824		0
300	401.0		0.043	90.5		26617		29474		0
301	400.0		0.044	90.3		26197		29106		0
