250	1026
251	1015
252	991
253	1048
254	1048
255	1020
256	1100
257	1131
258	1206
259	1282
260	1364
261	1578
262	1802
263	1870
264	2178
265	2315
266	2563
267	2689
268	2981
269	3026
270	3099
271	3165
272	3223
273	3141
274	3062
275	2960
276	2931
277	2595
278	2376
279	2140
280	1877
281	1718
282	1472
283	1323
284	1219
285	984
286	883
287	792
288	760
289	718
290	691
291	734
292	751

292	751
293	814
294	960
295	1027
296	1201
297	1278
298	1472
299	1507
300	1656
301	1960
302	2052
303	2158
304	2403
305	2452
306	2418
307	2551
308	2458
309	2363
310	2324
311	2099
312	1967
313	1836
314	1702
315	1514
316	1393
317	1221
318	1041
319	912
320	760
321	676
322	574
323	432
324	410
325	345
326	273
327	251
328	221
329	196
330	173
331	163
332	139
333	140
334	142
335	107
336	102
337	105
338	95
339	89
340	97
341	85
342	83
343	88
344	93
345	66
346	64
347	61
348	66
349	56
350	53
351	54
352	67
353	55
354	49
355	58
356	46
357	67
358	69
359	62
360	49
361	41
362	55