23MS041.wls
Scan Wavelength: 400.0 nm - 700.0 nm  Test Mode: Abs Mode  Test Time:03-09-2024 16:04:10
Peak/Valley Data Record
No.	Wavelength(nm)	Abs	Trans(%T)	Energy	Energy(100%T)	Energy(0%T)
No Peak/Valley Data.
Wavelength Scan Data Record
No.	Wavelength(nm)	Abs	Trans(%T)	Energy	Energy(100%T)	Energy(0%T)
1	700.0		0.000	100.1		35822		34296		0
2	699.0		0.001	99.9		35773		34894		0
3	698.0		0.001	99.7		35714		35494		0
4	697.0		0.002	99.5		35632		35879		0
5	696.0		0.003	99.4		35544		35776		0
6	695.0		0.003	99.3		35441		35663		0
7	694.0		0.003	99.3		35320		35539		0
8	693.0		0.003	99.3		35181		35403		0
9	692.0		0.003	99.3		35028		35261		0
10	691.0		0.003	99.3		34888		35118		0
11	690.0		0.003	99.4		34748		34984		0
12	689.0		0.003	99.4		34606		34840		0
13	688.0		0.003	99.4		34456		34683		0
14	687.0		0.003	99.4		34282		34501		0
15	686.0		0.003	99.4		34098		34319		0
16	685.0		0.003	99.4		33902		34124		0
17	684.0		0.003	99.4		33702		33934		0
18	683.0		0.003	99.4		33512		33745		0
19	682.0		0.003	99.3		33312		33542		0
20	681.0		0.003	99.3		33128		33353		0
21	680.0		0.003	99.3		32968		33182		0
22	679.0		0.003	99.3		32786		33013		0
23	678.0		0.003	99.3		32630		32840		0
24	677.0		0.003	99.3		32460		32677		0
25	676.0		0.003	99.3		32294		32512		0
26	675.0		0.003	99.3		32133		32330		0
27	674.0		0.003	99.3		31957		32167		0
28	673.0		0.003	99.3		31796		31997		0
29	672.0		0.003	99.3		31644		31845		0
30	671.0		0.003	99.3		31525		31725		0
31	670.0		0.003	99.3		31427		31634		0
32	669.0		0.003	99.3		31333		31539		0
33	668.0		0.003	99.3		31253		31456		0
34	667.0		0.003	99.3		31176		31378		0
35	666.0		0.003	99.3		31104		31315		0
36	665.0		0.003	99.3		31048		31261		0
37	664.0		0.003	99.3		30999		31203		0
38	663.0		0.003	99.3		30935		31143		0
39	662.0		0.003	99.3		30888		31103		0
40	661.0		0.003	99.3		30869		31087		0
41	660.0		0.003	99.3		30877		31094		0
42	659.0		0.003	99.3		30900		31118		0
43	658.0		0.003	99.3		30931		31148		0
44	657.0		0.003	99.3		30966		31170		0
45	656.0		0.003	99.3		30990		31203		0
46	655.0		0.003	99.2		31024		31249		0
47	654.0		0.003	99.2		31071		31300		0
48	653.0		0.003	99.2		31124		31364		0
49	652.0		0.003	99.2		31181		31424		0
50	651.0		0.003	99.2		31261		31502		0
51	650.0		0.003	99.2		31361		31603		0
52	649.0		0.003	99.2		31484		31726		0
53	648.0		0.003	99.2		31612		31848		0
54	647.0		0.003	99.2		31734		31977		0
55	646.0		0.003	99.2		31856		32098		0
56	645.0		0.003	99.2		31986		32239		0
57	644.0		0.003	99.2		32134		32384		0
58	643.0		0.003	99.2		32272		32535		0
59	642.0		0.003	99.2		32421		32690		0
60	641.0		0.004	99.2		32586		32855		0
61	640.0		0.004	99.2		32771		33046		0
62	639.0		0.004	99.2		32975		33250		0
63	638.0		0.004	99.2		33206		33475		0
64	637.0		0.004	99.2		33422		33703		0
65	636.0		0.004	99.2		33635		33920		0
66	635.0		0.004	99.1		33847		34128		0
67	634.0		0.004	99.1		34048		34357		0
68	633.0		0.004	99.1		34270		34572		0
69	632.0		0.004	99.1		34492		34802		0
70	631.0		0.004	99.1		34727		35042		0
71	630.0		0.004	99.1		34972		35288		0
72	629.0		0.004	99.1		35222		35551		0
73	628.0		0.004	99.1		35494		35827		0
74	627.0		0.004	99.0		35777		36124		0
75	626.0		0.004	99.0		36074		36419		0
76	625.0		0.004	99.0		36361		36710		0
77	624.0		0.004	99.0		36627		37002		0
78	623.0		0.004	99.0		36901		37284		0
79	622.0		0.004	99.0		37180		37554		0
80	621.0		0.005	99.0		37475		37866		0
81	620.0		0.005	99.0		37779		38188		0
82	619.0		0.005	98.9		38095		38522		0
83	618.0		0.005	98.9		38424		38830		0
84	617.0		0.005	98.9		38741		39164		0
85	616.0		0.005	98.9		39056		39512		0
86	615.0		0.005	98.9		39423		39877		0
87	614.0		0.005	98.9		39779		40245		0
88	613.0		0.005	98.8		40119		40607		0
89	612.0		0.005	98.8		40444		40959		0
90	611.0		0.005	98.8		40774		41278		0
91	610.0		0.006	98.7		41102		41618		0
92	609.0		0.006	98.7		41405		41947		0
93	608.0		0.006	98.7		41682		42245		0
94	607.0		0.006	98.6		41933		42498		0
95	606.0		0.006	98.6		42133		42718		0
96	605.0		0.006	98.6		42274		42897		0
97	604.0		0.006	98.5		42371		43008		0
98	603.0		0.007	98.5		42390		43036		0
99	602.0		0.007	98.4		42307		42980		0
100	601.0		0.007	98.4		42148		42827		0
101	600.0		0.007	98.4		41934		42632		0
102	599.0		0.007	98.3		41609		42322		0
103	598.0		0.007	98.3		41201		41919		0
104	597.0		0.008	98.2		40679		41400		0
105	596.0		0.008	98.2		40034		40784		0
106	595.0		0.008	98.1		39315		40080		0
107	594.0		0.008	98.1		38526		39299		0
108	593.0		0.009	98.0		37672		38457		0
109	592.0		0.009	97.9		36721		37485		0
110	591.0		0.010	97.8		35712		36513		0
111	590.0		0.010	97.8		34746		35508		0
112	589.0		0.010	97.7		33739		34540		0
113	588.0		0.011	97.6		32816		33615		0
114	587.0		0.011	97.5		31934		32779		0
115	586.0		0.011	97.4		31129		31945		0
116	585.0		0.012	97.3		30310		31132		0
117	584.0		0.012	97.2		29516		30386		0
118	583.0		0.013	97.1		28817		29697		0
119	582.0		0.013	97.0		28180		29058		0
120	581.0		0.014	96.9		27592		28474		0
121	580.0		0.014	96.7		27060		27976		0
122	579.0		0.015	96.6		26588		27540		0
123	578.0		0.016	96.4		26176		27137		0
124	577.0		0.016	96.3		25849		26848		0
125	576.0		0.017	96.2		25601		26628		0
126	575.0		0.018	96.0		25435		26496		0
127	574.0		0.018	95.9		25342		26442		0
128	573.0		0.019	95.7		25330		26481		0
129	572.0		0.020	95.5		25430		26632		0
130	571.0		0.021	95.3		25654		26925		0
131	570.0		0.022	95.1		26080		27425		0
132	569.0		0.022	95.0		26870		28297		0
133	568.0		0.023	94.8		27895		29490		0
134	567.0		0.024	94.5		28892		30577		0
135	566.0		0.025	94.3		29518		31365		0
136	565.0		0.027	94.1		30035		31938		0
137	564.0		0.028	93.8		30357		32374		0
138	563.0		0.029	93.6		30578		32684		0
139	562.0		0.030	93.4		30662		32868		0
140	561.0		0.031	93.1		30620		32918		0
141	560.0		0.032	92.8		30437		32821		0
142	559.0		0.033	92.6		30128		32569		0
143	558.0		0.035	92.3		29681		32172		0
144	557.0		0.036	92.0		29076		31638		0
145	556.0		0.037	91.7		28340		30927		0
146	555.0		0.039	91.4		27479		30076		0
147	554.0		0.040	91.1		26514		29145		0
148	553.0		0.042	90.8		25489		28126		0
149	552.0		0.044	90.4		24506		27169		0
150	551.0		0.045	90.1		23590		26215		0
151	550.0		0.047	89.8		22696		25296		0
152	549.0		0.049	89.4		23531		26352		0
153	548.0		0.051	89.0		22948		25804		0
154	547.0		0.052	88.7		22359		25235		0
155	546.0		0.054	88.3		21809		24696		0
156	545.0		0.056	87.9		21202		24132		0
157	544.0		0.058	87.5		20710		23661		0
158	543.0		0.060	87.1		20399		23433		0
159	542.0		0.062	86.7		20298		23422		0
160	541.0		0.064	86.3		20183		23400		0
161	540.0		0.066	85.9		20047		23352		0
162	539.0		0.068	85.5		19901		23281		0
163	538.0		0.070	85.2		19743		23201		0
164	537.0		0.072	84.8		19560		23096		0
165	536.0		0.074	84.4		19371		22971		0
166	535.0		0.076	84.0		19175		22854		0
167	534.0		0.078	83.6		18982		22719		0
168	533.0		0.080	83.2		18770		22577		0
169	532.0		0.082	82.8		18557		22422		0
170	531.0		0.084	82.4		18329		22262		0
171	530.0		0.086	82.0		18106		22111		0
172	529.0		0.088	81.6		17896		21959		0
173	528.0		0.091	81.2		17694		21813		0
174	527.0		0.093	80.8		17497		21673		0
175	526.0		0.095	80.4		17300		21523		0
176	525.0		0.097	80.1		17103		21367		0
177	524.0		0.099	79.7		16900		21215		0
178	523.0		0.101	79.3		16694		21053		0
179	522.0		0.103	79.0		16496		20899		0
180	521.0		0.105	78.6		16308		20756		0
181	520.0		0.107	78.2		16122		20611		0
182	519.0		0.108	77.9		15936		20463		0
183	518.0		0.110	77.6		15742		20312		0
184	517.0		0.112	77.2		15564		20162		0
185	516.0		0.114	76.9		31103		40459		0
186	515.0		0.116	76.6		15225		19887		0
187	514.0		0.117	76.3		30440		39889		0
188	513.0		0.119	76.1		30094		39599		0
189	512.0		0.120	75.8		29769		39298		0
190	511.0		0.122	75.6		29474		39030		0
191	510.0		0.123	75.3		29185		38786		0
192	509.0		0.124	75.1		28912		38539		0
193	508.0		0.126	74.9		28638		38292		0
194	507.0		0.127	74.6		28351		38012		0
195	506.0		0.128	74.4		28073		37756		0
196	505.0		0.129	74.2		27795		37488		0
197	504.0		0.131	74.0		27548		37238		0
198	503.0		0.131	73.9		27306		36986		0
199	502.0		0.132	73.7		27076		36762		0
200	501.0		0.133	73.6		26852		36526		0
201	500.0		0.134	73.5		26646		36288		0
202	499.0		0.134	73.4		26445		36074		0
203	498.0		0.135	73.3		26268		35852		0
204	497.0		0.135	73.2		26068		35629		0
205	496.0		0.136	73.2		25875		35394		0
206	495.0		0.136	73.1		25674		35155		0
207	494.0		0.136	73.1		25477		34894		0
208	493.0		0.136	73.1		25282		34635		0
209	492.0		0.136	73.1		25111		34400		0
210	491.0		0.136	73.1		24947		34179		0
211	490.0		0.136	73.1		24814		33972		0
212	489.0		0.136	73.2		24671		33763		0
213	488.0		0.135	73.2		24537		33551		0
214	487.0		0.135	73.3		24397		33335		0
215	486.0		0.134	73.4		24273		33134		0
216	485.0		0.134	73.5		24152		32921		0
217	484.0		0.133	73.6		24029		32700		0
218	483.0		0.133	73.7		23884		32456		0
219	482.0		0.132	73.8		23754		32216		0
220	481.0		0.131	74.0		23632		31978		0
221	480.0		0.130	74.2		23532		31772		0
222	479.0		0.129	74.3		23435		31566		0
223	478.0		0.128	74.5		23345		31355		0
224	477.0		0.127	74.7		23238		31141		0
225	476.0		0.125	74.9		23135		30918		0
226	475.0		0.124	75.1		23028		30685		0
227	474.0		0.123	75.4		22926		30461		0
228	473.0		0.121	75.6		22818		30213		0
229	472.0		0.120	75.9		22709		29968		0
230	471.0		0.118	76.1		22590		29703		0
231	470.0		0.117	76.4		22470		29446		0
232	469.0		0.115	76.7		22361		29188		0
233	468.0		0.113	77.0		22253		28933		0
234	467.0		0.112	77.3		22137		28680		0
235	466.0		0.110	77.6		22016		28409		0
236	465.0		0.108	77.9		21887		28127		0
237	464.0		0.107	78.2		21740		27844		0
238	463.0		0.105	78.5		21589		27534		0
239	462.0		0.103	78.9		21427		27220		0
240	461.0		0.101	79.2		21258		26895		0
241	460.0		0.100	79.5		21085		26552		0
242	459.0		0.098	79.8		20880		26192		0
243	458.0		0.096	80.2		20673		25804		0
244	457.0		0.094	80.5		20450		25429		0
245	456.0		0.092	80.9		20238		25042		0
246	455.0		0.090	81.2		20004		24667		0
247	454.0		0.089	81.5		19771		24282		0
248	453.0		0.087	81.8		19525		23876		0
249	452.0		0.085	82.2		19261		23489		0
250	451.0		0.084	82.5		19014		23076		0
251	450.0		0.082	82.8		18766		22695		0
252	449.0		0.080	83.1		18512		22302		0
253	448.0		0.079	83.4		18249		21906		0
254	447.0		0.077	83.7		17968		21508		0
255	446.0		0.076	84.0		17703		21082		0
256	445.0		0.074	84.3		17427		20698		0
257	444.0		0.073	84.6		17193		20341		0
258	443.0		0.071	84.8		34486		40710		0
259	442.0		0.070	85.1		34044		40077		0
260	441.0		0.069	85.3		33640		39506		0
261	440.0		0.068	85.5		33243		38931		0
262	439.0		0.067	85.7		32884		38429		0
263	438.0		0.066	85.8		32528		37951		0
264	437.0		0.066	86.0		32171		37476		0
265	436.0		0.065	86.1		31804		36990		0
266	435.0		0.064	86.2		31400		36484		0
267	434.0		0.064	86.3		30972		35923		0
268	433.0		0.064	86.3		30528		35396		0
269	432.0		0.064	86.4		30058		34872		0
270	431.0		0.064	86.4		29615		34335		0
271	430.0		0.064	86.4		29160		33808		0
272	429.0		0.064	86.4		29514		34199		0
273	428.0		0.064	86.3		29612		34336		0
274	427.0		0.065	86.2		29676		34463		0
275	426.0		0.065	86.0		29705		34571		0
276	425.0		0.067	85.8		29703		34657		0
277	424.0		0.068	85.5		29674		34725		0
278	423.0		0.069	85.2		29604		34764		0
279	422.0		0.071	84.9		29476		34779		0
280	421.0		0.073	84.5		29320		34753		0
281	420.0		0.076	84.0		29140		34721		0
282	419.0		0.078	83.6		28928		34655		0
283	418.0		0.081	83.0		28680		34564		0
284	417.0		0.084	82.5		28389		34446		0
285	416.0		0.087	81.9		28054		34304		0
286	415.0		0.090	81.2		27713		34140		0
287	414.0		0.094	80.5		27328		33956		0
288	413.0		0.098	79.7		26895		33749		0
289	412.0		0.103	78.9		26431		33519		0
290	411.0		0.108	78.0		25949		33275		0
291	410.0		0.113	77.1		25422		32994		0
292	409.0		0.119	76.1		24881		32718		0
293	408.0		0.124	75.1		24335		32442		0
294	407.0		0.130	74.1		23796		32152		0
295	406.0		0.136	73.0		23248		31830		0
296	405.0		0.143	72.0		22658		31522		0
297	404.0		0.150	70.8		22069		31174		0
298	403.0		0.157	69.7		21455		30828		0
299	402.0		0.164	68.5		20854		30470		0
300	401.0		0.170	67.6		20223		30111		0
301	400.0		0.175	66.8		19637		29748		0
