23MS038.wls
Scan Wavelength: 400.0 nm - 700.0 nm  Test Mode: Abs Mode  Test Time:03-09-2024 15:58:04
Peak/Valley Data Record
No.	Wavelength(nm)	Abs	Trans(%T)	Energy	Energy(100%T)	Energy(0%T)
No Peak/Valley Data.
Wavelength Scan Data Record
No.	Wavelength(nm)	Abs	Trans(%T)	Energy	Energy(100%T)	Energy(0%T)
1	700.0		-0.002	100.4		35953		34296		0
2	699.0		-0.001	100.2		35901		34894		0
3	698.0		0.000	100.1		35833		35494		0
4	697.0		0.001	99.8		35750		35879		0
5	696.0		0.001	99.7		35656		35776		0
6	695.0		0.002	99.6		35549		35663		0
7	694.0		0.002	99.6		35427		35539		0
8	693.0		0.002	99.7		35283		35403		0
9	692.0		0.001	99.7		35133		35261		0
10	691.0		0.001	99.7		34998		35118		0
11	690.0		0.001	99.7		34861		34984		0
12	689.0		0.001	99.7		34709		34840		0
13	688.0		0.001	99.7		34556		34683		0
14	687.0		0.001	99.7		34367		34501		0
15	686.0		0.002	99.6		34182		34319		0
16	685.0		0.002	99.6		34001		34124		0
17	684.0		0.002	99.6		33801		33934		0
18	683.0		0.002	99.6		33604		33745		0
19	682.0		0.002	99.6		33404		33542		0
20	681.0		0.002	99.6		33207		33353		0
21	680.0		0.002	99.6		33030		33182		0
22	679.0		0.002	99.6		32860		33013		0
23	678.0		0.002	99.5		32694		32840		0
24	677.0		0.002	99.6		32525		32677		0
25	676.0		0.002	99.5		32359		32512		0
26	675.0		0.002	99.5		32183		32330		0
27	674.0		0.002	99.5		32006		32167		0
28	673.0		0.002	99.5		31835		31997		0
29	672.0		0.002	99.5		31692		31845		0
30	671.0		0.002	99.5		31569		31725		0
31	670.0		0.002	99.5		31470		31634		0
32	669.0		0.002	99.5		31378		31539		0
33	668.0		0.002	99.5		31301		31456		0
34	667.0		0.002	99.5		31214		31378		0
35	666.0		0.002	99.5		31137		31315		0
36	665.0		0.002	99.4		31079		31261		0
37	664.0		0.002	99.4		31023		31203		0
38	663.0		0.003	99.4		30960		31143		0
39	662.0		0.003	99.4		30912		31103		0
40	661.0		0.003	99.4		30895		31087		0
41	660.0		0.003	99.4		30900		31094		0
42	659.0		0.003	99.3		30917		31118		0
43	658.0		0.003	99.3		30934		31148		0
44	657.0		0.003	99.3		30961		31170		0
45	656.0		0.003	99.3		30991		31203		0
46	655.0		0.003	99.3		31028		31249		0
47	654.0		0.003	99.3		31077		31300		0
48	653.0		0.003	99.3		31131		31364		0
49	652.0		0.003	99.3		31184		31424		0
50	651.0		0.003	99.2		31259		31502		0
51	650.0		0.003	99.2		31359		31603		0
52	649.0		0.003	99.2		31476		31726		0
53	648.0		0.004	99.2		31592		31848		0
54	647.0		0.004	99.2		31712		31977		0
55	646.0		0.004	99.2		31834		32098		0
56	645.0		0.004	99.1		31970		32239		0
57	644.0		0.004	99.1		32104		32384		0
58	643.0		0.004	99.1		32246		32535		0
59	642.0		0.004	99.1		32397		32690		0
60	641.0		0.004	99.1		32561		32855		0
61	640.0		0.004	99.1		32741		33046		0
62	639.0		0.004	99.1		32940		33250		0
63	638.0		0.004	99.1		33165		33475		0
64	637.0		0.004	99.0		33373		33703		0
65	636.0		0.004	99.0		33571		33920		0
66	635.0		0.004	99.0		33783		34128		0
67	634.0		0.005	98.9		33992		34357		0
68	633.0		0.005	98.9		34209		34572		0
69	632.0		0.005	98.9		34424		34802		0
70	631.0		0.005	98.9		34660		35042		0
71	630.0		0.005	98.8		34895		35288		0
72	629.0		0.005	98.8		35130		35551		0
73	628.0		0.005	98.8		35392		35827		0
74	627.0		0.005	98.7		35671		36124		0
75	626.0		0.006	98.7		35956		36419		0
76	625.0		0.006	98.7		36235		36710		0
77	624.0		0.006	98.7		36502		37002		0
78	623.0		0.006	98.6		36764		37284		0
79	622.0		0.006	98.6		37040		37554		0
80	621.0		0.006	98.6		37326		37866		0
81	620.0		0.006	98.6		37642		38188		0
82	619.0		0.006	98.5		37945		38522		0
83	618.0		0.007	98.5		38247		38830		0
84	617.0		0.007	98.4		38550		39164		0
85	616.0		0.007	98.4		38864		39512		0
86	615.0		0.007	98.3		39220		39877		0
87	614.0		0.008	98.3		39562		40245		0
88	613.0		0.008	98.2		39878		40607		0
89	612.0		0.008	98.2		40189		40959		0
90	611.0		0.008	98.1		40506		41278		0
91	610.0		0.009	98.1		40812		41618		0
92	609.0		0.009	98.0		41095		41947		0
93	608.0		0.009	97.9		41378		42245		0
94	607.0		0.009	97.9		41592		42498		0
95	606.0		0.010	97.8		41784		42718		0
96	605.0		0.010	97.7		41924		42897		0
97	604.0		0.010	97.7		42011		43008		0
98	603.0		0.011	97.6		42002		43036		0
99	602.0		0.011	97.5		41911		42980		0
100	601.0		0.011	97.4		41731		42827		0
101	600.0		0.012	97.3		41477		42632		0
102	599.0		0.012	97.2		41146		42322		0
103	598.0		0.013	97.1		40698		41919		0
104	597.0		0.013	97.0		40177		41400		0
105	596.0		0.014	96.9		39532		40784		0
106	595.0		0.014	96.8		38791		40080		0
107	594.0		0.015	96.7		38024		39299		0
108	593.0		0.015	96.6		37112		38457		0
109	592.0		0.016	96.4		36156		37485		0
110	591.0		0.016	96.3		35153		36513		0
111	590.0		0.017	96.1		34131		35508		0
112	589.0		0.018	96.0		33172		34540		0
113	588.0		0.019	95.8		32201		33615		0
114	587.0		0.020	95.6		31306		32779		0
115	586.0		0.020	95.4		30495		31945		0
116	585.0		0.021	95.3		29669		31132		0
117	584.0		0.022	95.1		28887		30386		0
118	583.0		0.023	94.9		28169		29697		0
119	582.0		0.024	94.7		27530		29058		0
120	581.0		0.025	94.4		26888		28474		0
121	580.0		0.026	94.2		26364		27976		0
122	579.0		0.027	93.9		25862		27540		0
123	578.0		0.028	93.7		25423		27137		0
124	577.0		0.030	93.4		25065		26848		0
125	576.0		0.031	93.1		24791		26628		0
126	575.0		0.032	92.8		24586		26496		0
127	574.0		0.034	92.5		24461		26442		0
128	573.0		0.035	92.2		24410		26481		0
129	572.0		0.037	91.9		24467		26632		0
130	571.0		0.038	91.5		24641		26925		0
131	570.0		0.040	91.2		25000		27425		0
132	569.0		0.042	90.9		25735		28297		0
133	568.0		0.044	90.5		26666		29490		0
134	567.0		0.045	90.1		27537		30577		0
135	566.0		0.048	89.6		28084		31365		0
136	565.0		0.050	89.2		28475		31938		0
137	564.0		0.052	88.8		28734		32374		0
138	563.0		0.054	88.3		28863		32684		0
139	562.0		0.056	87.9		28877		32868		0
140	561.0		0.058	87.4		28771		32918		0
141	560.0		0.061	87.0		28530		32821		0
142	559.0		0.063	86.5		28157		32569		0
143	558.0		0.065	86.0		27656		32172		0
144	557.0		0.068	85.5		27026		31638		0
145	556.0		0.071	85.0		26266		30927		0
146	555.0		0.074	84.4		25378		30076		0
147	554.0		0.077	83.8		24397		29145		0
148	553.0		0.080	83.3		23397		28126		0
149	552.0		0.083	82.7		22422		27169		0
150	551.0		0.086	82.1		21501		26215		0
151	550.0		0.089	81.5		20627		25296		0
152	549.0		0.092	80.9		21295		26352		0
153	548.0		0.095	80.3		20688		25804		0
154	547.0		0.099	79.7		20083		25235		0
155	546.0		0.102	79.1		19512		24696		0
156	545.0		0.105	78.4		18922		24132		0
157	544.0		0.109	77.8		18400		23661		0
158	543.0		0.113	77.1		18063		23433		0
159	542.0		0.117	76.4		17891		23422		0
160	541.0		0.121	75.8		17718		23400		0
161	540.0		0.124	75.1		17534		23352		0
162	539.0		0.128	74.5		17333		23281		0
163	538.0		0.132	73.8		17125		23201		0
164	537.0		0.136	73.2		16890		23096		0
165	536.0		0.139	72.5		16659		22971		0
166	535.0		0.143	71.9		16427		22854		0
167	534.0		0.147	71.3		16190		22719		0
168	533.0		0.151	70.6		15939		22577		0
169	532.0		0.155	70.0		15686		22422		0
170	531.0		0.159	69.3		15431		22262		0
171	530.0		0.163	68.7		15174		22111		0
172	529.0		0.167	68.0		14925		21959		0
173	528.0		0.171	67.4		14700		21813		0
174	527.0		0.175	66.8		14473		21673		0
175	526.0		0.179	66.2		14249		21523		0
176	525.0		0.183	65.7		14024		21367		0
177	524.0		0.187	65.1		13801		21215		0
178	523.0		0.190	64.5		13575		21053		0
179	522.0		0.194	64.0		13368		20899		0
180	521.0		0.198	63.4		13163		20756		0
181	520.0		0.201	62.9		12968		20611		0
182	519.0		0.205	62.4		12761		20463		0
183	518.0		0.209	61.9		12561		20312		0
184	517.0		0.212	61.4		12361		20162		0
185	516.0		0.215	60.9		24626		40459		0
186	515.0		0.219	60.4		12008		19887		0
187	514.0		0.222	60.0		23934		39889		0
188	513.0		0.225	59.6		23586		39599		0
189	512.0		0.228	59.2		23258		39298		0
190	511.0		0.230	58.8		22947		39030		0
191	510.0		0.233	58.5		22668		38786		0
192	509.0		0.235	58.1		22392		38539		0
193	508.0		0.238	57.8		22123		38292		0
194	507.0		0.240	57.5		21834		38012		0
195	506.0		0.243	57.2		21564		37756		0
196	505.0		0.245	56.9		21302		37488		0
197	504.0		0.247	56.6		21075		37238		0
198	503.0		0.249	56.4		20832		36986		0
199	502.0		0.250	56.2		20632		36762		0
200	501.0		0.252	56.0		20431		36526		0
201	500.0		0.253	55.8		20238		36288		0
202	499.0		0.254	55.7		20060		36074		0
203	498.0		0.255	55.5		19893		35852		0
204	497.0		0.256	55.4		19726		35629		0
205	496.0		0.257	55.3		19565		35394		0
206	495.0		0.258	55.3		19406		35155		0
207	494.0		0.258	55.2		19243		34894		0
208	493.0		0.258	55.2		19091		34635		0
209	492.0		0.258	55.2		18958		34400		0
210	491.0		0.258	55.2		18839		34179		0
211	490.0		0.258	55.2		18734		33972		0
212	489.0		0.257	55.3		18641		33763		0
213	488.0		0.257	55.3		18547		33551		0
214	487.0		0.256	55.4		18463		33335		0
215	486.0		0.255	55.5		18380		33134		0
216	485.0		0.254	55.7		18306		32921		0
217	484.0		0.253	55.8		18231		32700		0
218	483.0		0.252	56.0		18156		32456		0
219	482.0		0.250	56.2		18085		32216		0
220	481.0		0.248	56.4		18031		31978		0
221	480.0		0.247	56.7		17983		31772		0
222	479.0		0.245	56.9		17948		31566		0
223	478.0		0.243	57.2		17910		31355		0
224	477.0		0.241	57.5		17872		31141		0
225	476.0		0.238	57.8		17832		30918		0
226	475.0		0.236	58.1		17799		30685		0
227	474.0		0.234	58.4		17768		30461		0
228	473.0		0.231	58.8		17733		30213		0
229	472.0		0.228	59.1		17700		29968		0
230	471.0		0.225	59.5		17666		29703		0
231	470.0		0.222	60.0		17637		29446		0
232	469.0		0.219	60.4		17603		29188		0
233	468.0		0.216	60.8		17572		28933		0
234	467.0		0.213	61.2		17538		28680		0
235	466.0		0.210	61.7		17497		28409		0
236	465.0		0.207	62.1		17453		28127		0
237	464.0		0.203	62.6		17402		27844		0
238	463.0		0.200	63.1		17339		27534		0
239	462.0		0.197	63.5		17273		27220		0
240	461.0		0.194	64.0		17196		26895		0
241	460.0		0.190	64.5		17116		26552		0
242	459.0		0.187	65.1		17022		26192		0
243	458.0		0.183	65.6		16921		25804		0
244	457.0		0.180	66.1		16802		25429		0
245	456.0		0.176	66.7		16677		25042		0
246	455.0		0.173	67.2		16555		24667		0
247	454.0		0.170	67.7		16416		24282		0
248	453.0		0.166	68.2		16266		23876		0
249	452.0		0.163	68.7		16104		23489		0
250	451.0		0.160	69.2		15950		23076		0
251	450.0		0.157	69.7		15790		22695		0
252	449.0		0.154	70.2		15623		22302		0
253	448.0		0.151	70.6		15453		21906		0
254	447.0		0.148	71.1		15265		21508		0
255	446.0		0.145	71.6		15083		21082		0
256	445.0		0.142	72.0		14897		20698		0
257	444.0		0.140	72.5		14724		20341		0
258	443.0		0.138	72.8		29616		40710		0
259	442.0		0.136	73.2		29314		40077		0
260	441.0		0.134	73.5		29012		39506		0
261	440.0		0.132	73.8		28730		38931		0
262	439.0		0.130	74.1		28462		38429		0
263	438.0		0.129	74.4		28195		37951		0
264	437.0		0.127	74.6		27932		37476		0
265	436.0		0.126	74.8		27628		36990		0
266	435.0		0.125	74.9		27301		36484		0
267	434.0		0.125	75.0		26940		35923		0
268	433.0		0.124	75.1		26565		35396		0
269	432.0		0.124	75.1		26159		34872		0
270	431.0		0.124	75.1		25756		34335		0
271	430.0		0.124	75.1		25320		33808		0
272	429.0		0.125	75.1		25706		34199		0
273	428.0		0.125	74.9		25747		34336		0
274	427.0		0.127	74.7		25752		34463		0
275	426.0		0.128	74.4		25719		34571		0
276	425.0		0.131	74.0		25650		34657		0
277	424.0		0.133	73.5		25538		34725		0
278	423.0		0.137	73.0		25380		34764		0
279	422.0		0.140	72.4		25155		34779		0
280	421.0		0.145	71.7		24910		34753		0
281	420.0		0.149	70.9		24617		34721		0
282	419.0		0.154	70.1		24299		34655		0
283	418.0		0.160	69.3		23934		34564		0
284	417.0		0.165	68.3		23524		34446		0
285	416.0		0.172	67.3		23103		34304		0
286	415.0		0.179	66.2		22610		34140		0
287	414.0		0.186	65.1		22118		33956		0
288	413.0		0.195	63.9		21565		33749		0
289	412.0		0.203	62.6		20983		33519		0
290	411.0		0.213	61.2		20366		33275		0
291	410.0		0.224	59.8		19709		32994		0
292	409.0		0.234	58.3		19065		32718		0
293	408.0		0.246	56.8		18426		32442		0
294	407.0		0.257	55.3		17773		32152		0
295	406.0		0.269	53.8		17103		31830		0
296	405.0		0.282	52.2		16464		31522		0
297	404.0		0.295	50.7		15809		31174		0
298	403.0		0.309	49.1		15100		30828		0
299	402.0		0.324	47.5		14449		30470		0
300	401.0		0.334	46.3		13802		30111		0
301	400.0		0.344	45.3		13150		29748		0
