23MS260,273,274.wls
Scan Wavelength: 400.0 nm - 700.0 nm  Test Mode: Abs Mode  Test Time:24-09-2024 15:24:10
Peak/Valley Data Record
No.	Wavelength(nm)	Abs	Trans(%T)	Energy	Energy(100%T)	Energy(0%T)
No Peak/Valley Data.
Wavelength Scan Data Record
No.	Wavelength(nm)	Abs	Trans(%T)	Energy	Energy(100%T)	Energy(0%T)
1	700.0		0.067	85.6		30987		34483		0
2	699.0		0.070	85.2		30825		35138		0
3	698.0		0.072	84.7		30584		35743		0
4	697.0		0.075	84.1		30339		36097		0
5	696.0		0.078	83.5		30063		35999		0
6	695.0		0.081	82.9		29793		35891		0
7	694.0		0.084	82.4		29510		35770		0
8	693.0		0.087	81.8		29192		35627		0
9	692.0		0.090	81.3		28878		35487		0
10	691.0		0.093	80.7		28576		35345		0
11	690.0		0.096	80.2		28254		35204		0
12	689.0		0.099	79.6		27934		35065		0
13	688.0		0.103	79.0		27603		34901		0
14	687.0		0.106	78.3		27229		34717		0
15	686.0		0.110	77.7		26845		34530		0
16	685.0		0.113	77.0		26484		34350		0
17	684.0		0.117	76.3		26094		34156		0
18	683.0		0.121	75.7		25731		33955		0
19	682.0		0.125	75.0		25344		33764		0
20	681.0		0.129	74.3		24976		33564		0
21	680.0		0.133	73.7		24627		33383		0
22	679.0		0.137	73.0		24281		33217		0
23	678.0		0.141	72.3		23929		33049		0
24	677.0		0.145	71.6		23598		32885		0
25	676.0		0.149	70.9		23233		32715		0
26	675.0		0.154	70.1		22855		32540		0
27	674.0		0.159	69.4		22468		32370		0
28	673.0		0.164	68.6		22106		32204		0
29	672.0		0.168	67.8		21775		32055		0
30	671.0		0.173	67.1		21460		31934		0
31	670.0		0.178	66.4		21152		31833		0
32	669.0		0.183	65.6		20859		31748		0
33	668.0		0.188	64.9		20575		31669		0
34	667.0		0.193	64.2		20295		31599		0
35	666.0		0.198	63.5		20026		31529		0
36	665.0		0.203	62.7		19765		31465		0
37	664.0		0.208	62.0		19495		31417		0
38	663.0		0.213	61.2		19205		31358		0
39	662.0		0.219	60.4		18929		31309		0
40	661.0		0.224	59.7		18696		31291		0
41	660.0		0.229	59.0		18473		31302		0
42	659.0		0.235	58.3		18268		31328		0
43	658.0		0.240	57.6		18077		31351		0
44	657.0		0.245	56.9		17872		31379		0
45	656.0		0.250	56.2		17685		31416		0
46	655.0		0.255	55.6		17490		31460		0
47	654.0		0.260	54.9		17322		31509		0
48	653.0		0.265	54.3		17150		31574		0
49	652.0		0.271	53.6		16978		31630		0
50	651.0		0.276	53.0		16811		31708		0
51	650.0		0.281	52.3		16659		31810		0
52	649.0		0.286	51.7		16528		31931		0
53	648.0		0.291	51.2		16411		32049		0
54	647.0		0.296	50.6		16294		32182		0
55	646.0		0.300	50.1		16191		32303		0
56	645.0		0.305	49.5		16092		32448		0
57	644.0		0.309	49.0		15994		32591		0
58	643.0		0.314	48.5		15906		32745		0
59	642.0		0.318	48.1		15826		32889		0
60	641.0		0.322	47.6		15755		33068		0
61	640.0		0.326	47.2		15701		33260		0
62	639.0		0.331	46.7		15647		33468		0
63	638.0		0.334	46.3		15608		33683		0
64	637.0		0.338	45.9		15578		33913		0
65	636.0		0.342	45.5		15553		34143		0
66	635.0		0.345	45.2		15536		34360		0
67	634.0		0.348	44.9		15521		34574		0
68	633.0		0.351	44.6		15517		34798		0
69	632.0		0.354	44.3		15518		35033		0
70	631.0		0.357	44.0		15530		35270		0
71	630.0		0.359	43.8		15554		35530		0
72	629.0		0.361	43.5		15586		35772		0
73	628.0		0.363	43.3		15631		36054		0
74	627.0		0.365	43.1		15691		36336		0
75	626.0		0.367	43.0		15753		36640		0
76	625.0		0.368	42.8		15826		36938		0
77	624.0		0.370	42.7		15903		37220		0
78	623.0		0.371	42.6		15991		37501		0
79	622.0		0.371	42.5		16084		37801		0
80	621.0		0.372	42.5		16191		38104		0
81	620.0		0.372	42.4		16321		38414		0
82	619.0		0.372	42.4		16454		38740		0
83	618.0		0.372	42.4		16593		39086		0
84	617.0		0.372	42.5		16737		39411		0
85	616.0		0.372	42.5		16906		39752		0
86	615.0		0.371	42.6		17103		40119		0
87	614.0		0.370	42.7		17298		40508		0
88	613.0		0.368	42.8		17497		40859		0
89	612.0		0.367	42.9		17705		41206		0
90	611.0		0.365	43.1		17913		41540		0
91	610.0		0.364	43.3		18134		41865		0
92	609.0		0.362	43.5		18356		42189		0
93	608.0		0.359	43.7		18596		42486		0
94	607.0		0.357	43.9		18799		42752		0
95	606.0		0.355	44.2		18993		42984		0
96	605.0		0.352	44.5		19192		43157		0
97	604.0		0.349	44.8		19386		43267		0
98	603.0		0.346	45.1		19546		43300		0
99	602.0		0.342	45.5		19674		43248		0
100	601.0		0.339	45.8		19777		43112		0
101	600.0		0.335	46.2		19845		42914		0
102	599.0		0.331	46.6		19875		42613		0
103	598.0		0.328	47.0		19856		42208		0
104	597.0		0.324	47.4		19795		41701		0
105	596.0		0.320	47.9		19675		41064		0
106	595.0		0.316	48.3		19526		40363		0
107	594.0		0.311	48.8		19355		39579		0
108	593.0		0.307	49.3		19108		38710		0
109	592.0		0.302	49.9		18848		37779		0
110	591.0		0.297	50.4		18557		36801		0
111	590.0		0.292	51.0		18263		35762		0
112	589.0		0.287	51.6		17982		34794		0
113	588.0		0.282	52.2		17706		33877		0
114	587.0		0.277	52.8		17443		33015		0
115	586.0		0.272	53.4		17196		32198		0
116	585.0		0.267	54.0		16962		31365		0
117	584.0		0.262	54.7		16738		30584		0
118	583.0		0.257	55.3		16545		29878		0
119	582.0		0.252	56.0		16380		29243		0
120	581.0		0.247	56.6		16242		28676		0
121	580.0		0.242	57.3		16150		28161		0
122	579.0		0.236	58.0		16088		27692		0
123	578.0		0.231	58.8		16067		27302		0
124	577.0		0.225	59.5		16084		27002		0
125	576.0		0.220	60.2		16144		26785		0
126	575.0		0.215	60.9		16248		26652		0
127	574.0		0.210	61.6		16398		26592		0
128	573.0		0.205	62.3		16608		26626		0
129	572.0		0.201	63.0		16896		26778		0
130	571.0		0.196	63.7		17261		27060		0
131	570.0		0.191	64.4		17743		27560		0
132	569.0		0.186	65.1		18528		28408		0
133	568.0		0.181	65.8		19517		29603		0
134	567.0		0.177	66.6		20473		30716		0
135	566.0		0.172	67.3		21220		31472		0
136	565.0		0.167	68.0		21844		32072		0
137	564.0		0.163	68.7		22387		32523		0
138	563.0		0.159	69.4		22820		32831		0
139	562.0		0.155	70.0		23147		33013		0
140	561.0		0.151	70.7		23398		33061		0
141	560.0		0.147	71.3		23533		32962		0
142	559.0		0.143	71.9		23556		32716		0
143	558.0		0.139	72.5		23457		32330		0
144	557.0		0.136	73.1		23252		31772		0
145	556.0		0.132	73.7		22923		31071		0
146	555.0		0.129	74.3		22486		30220		0
147	554.0		0.125	74.9		21949		29290		0
148	553.0		0.122	75.5		21354		28233		0
149	552.0		0.119	76.0		20751		27244		0
150	551.0		0.116	76.5		20156		26294		0
151	550.0		0.114	77.0		19546		25370		0
152	549.0		0.111	77.4		20534		26512		0
153	548.0		0.109	77.9		20220		25928		0
154	547.0		0.106	78.3		19878		25354		0
155	546.0		0.104	78.7		19536		24822		0
156	545.0		0.102	79.1		19192		24261		0
157	544.0		0.100	79.4		18905		23772		0
158	543.0		0.098	79.8		18802		23540		0
159	542.0		0.096	80.2		18878		23534		0
160	541.0		0.094	80.5		18938		23508		0
161	540.0		0.093	80.8		18966		23464		0
162	539.0		0.091	81.0		18971		23394		0
163	538.0		0.090	81.3		18956		23306		0
164	537.0		0.089	81.5		18919		23195		0
165	536.0		0.088	81.7		18870		23079		0
166	535.0		0.087	81.9		18804		22954		0
167	534.0		0.086	82.0		18731		22820		0
168	533.0		0.085	82.1		18642		22673		0
169	532.0		0.085	82.2		18538		22513		0
170	531.0		0.084	82.3		18426		22362		0
171	530.0		0.084	82.4		18314		22205		0
172	529.0		0.084	82.5		18202		22054		0
173	528.0		0.084	82.5		18092		21908		0
174	527.0		0.083	82.5		17970		21768		0
175	526.0		0.084	82.5		17847		21611		0
176	525.0		0.084	82.5		17713		21462		0
177	524.0		0.084	82.4		17572		21308		0
178	523.0		0.085	82.3		17420		21158		0
179	522.0		0.085	82.2		17281		21000		0
180	521.0		0.086	82.1		17135		20850		0
181	520.0		0.086	82.0		16981		20707		0
182	519.0		0.087	81.8		16824		20559		0
183	518.0		0.088	81.6		16659		20402		0
184	517.0		0.089	81.4		16491		20257		0
185	516.0		0.091	81.1		16327		20109		0
186	515.0		0.092	80.9		16162		19971		0
187	514.0		0.094	80.6		16005		19826		0
188	513.0		0.095	80.3		15828		19674		0
189	512.0		0.097	80.0		15646		19536		0
190	511.0		0.099	79.7		15471		19401		0
191	510.0		0.101	79.3		15303		19269		0
192	509.0		0.103	79.0		15141		19148		0
193	508.0		0.105	78.6		14964		19031		0
194	507.0		0.107	78.1		14775		18894		0
195	506.0		0.110	77.7		14587		18759		0
196	505.0		0.112	77.2		14399		18629		0
197	504.0		0.115	76.7		14206		18501		0
198	503.0		0.118	76.2		14023		18376		0
199	502.0		0.121	75.7		13835		18257		0
200	501.0		0.124	75.2		13653		18141		0
201	500.0		0.127	74.7		13462		18029		0
202	499.0		0.130	74.1		13294		17915		0
203	498.0		0.133	73.6		26486		35986		0
204	497.0		0.137	73.0		12931		17691		0
205	496.0		0.140	72.4		25737		35519		0
206	495.0		0.144	71.8		25332		35269		0
207	494.0		0.148	71.1		24899		35006		0
208	493.0		0.152	70.4		24484		34761		0
209	492.0		0.156	69.8		24101		34524		0
210	491.0		0.160	69.1		23711		34294		0
211	490.0		0.164	68.5		23363		34084		0
212	489.0		0.169	67.8		22991		33871		0
213	488.0		0.173	67.2		22617		33657		0
214	487.0		0.177	66.5		22241		33438		0
215	486.0		0.182	65.8		21896		33235		0
216	485.0		0.186	65.2		21537		33019		0
217	484.0		0.191	64.5		21167		32787		0
218	483.0		0.195	63.8		20778		32542		0
219	482.0		0.200	63.1		20372		32293		0
220	481.0		0.205	62.4		20016		32064		0
221	480.0		0.210	61.7		19660		31861		0
222	479.0		0.214	61.1		19352		31654		0
223	478.0		0.218	60.5		19035		31440		0
224	477.0		0.223	59.9		18707		31214		0
225	476.0		0.227	59.3		18389		30997		0
226	475.0		0.231	58.7		18078		30765		0
227	474.0		0.235	58.2		17778		30534		0
228	473.0		0.239	57.6		17463		30289		0
229	472.0		0.244	57.1		17149		30038		0
230	471.0		0.248	56.5		16847		29788		0
231	470.0		0.252	56.0		16537		29518		0
232	469.0		0.256	55.5		16242		29246		0
233	468.0		0.259	55.1		15966		28996		0
234	467.0		0.262	54.6		15701		28728		0
235	466.0		0.266	54.2		15456		28464		0
236	465.0		0.269	53.9		15185		28186		0
237	464.0		0.272	53.5		14918		27888		0
238	463.0		0.275	53.1		14657		27582		0
239	462.0		0.277	52.8		14407		27263		0
240	461.0		0.280	52.5		14142		26953		0
241	460.0		0.282	52.2		13889		26606		0
242	459.0		0.285	51.9		13625		26226		0
243	458.0		0.287	51.7		13361		25846		0
244	457.0		0.289	51.4		13093		25460		0
245	456.0		0.291	51.2		12851		25079		0
246	455.0		0.292	51.0		12606		24694		0
247	454.0		0.294	50.9		12373		24320		0
248	453.0		0.295	50.7		12123		23917		0
249	452.0		0.296	50.5		11882		23502		0
250	451.0		0.297	50.4		11658		23110		0
251	450.0		0.299	50.3		11430		22729		0
252	449.0		0.299	50.2		11205		22338		0
253	448.0		0.300	50.1		10987		21938		0
254	447.0		0.301	50.0		10763		21525		0
255	446.0		0.302	49.9		10532		21119		0
256	445.0		0.303	49.8		10314		20723		0
257	444.0		0.304	49.6		10114		20378		0
258	443.0		0.305	49.6		9931		20026		0
259	442.0		0.306	49.5		9756		19719		0
260	441.0		0.307	49.4		9590		19441		0
261	440.0		0.308	49.3		9446		19150		0
262	439.0		0.309	49.1		9296		18899		0
263	438.0		0.310	49.0		9159		18657		0
264	437.0		0.311	48.9		9018		18430		0
265	436.0		0.312	48.8		8878		18179		0
266	435.0		0.313	48.6		8723		17926		0
267	434.0		0.315	48.5		17431		35921		0
268	433.0		0.316	48.3		17102		35402		0
269	432.0		0.318	48.1		16791		34861		0
270	431.0		0.319	48.0		16479		34337		0
271	430.0		0.319	47.9		16148		33808		0
272	429.0		0.319	48.0		16499		34178		0
273	428.0		0.319	47.9		16500		34317		0
274	427.0		0.321	47.8		16483		34442		0
275	426.0		0.323	47.6		16452		34546		0
276	425.0		0.325	47.3		16410		34635		0
277	424.0		0.327	47.1		16356		34699		0
278	423.0		0.330	46.8		16282		34741		0
279	422.0		0.332	46.6		16191		34746		0
280	421.0		0.334	46.3		16094		34729		0
281	420.0		0.337	46.1		15993		34685		0
282	419.0		0.339	45.8		15877		34623		0
283	418.0		0.341	45.6		15757		34530		0
284	417.0		0.343	45.4		15626		34408		0
285	416.0		0.345	45.1		15483		34263		0
286	415.0		0.347	44.9		15346		34100		0
287	414.0		0.349	44.7		15189		33916		0
288	413.0		0.351	44.5		15031		33709		0
289	412.0		0.353	44.4		14862		33481		0
290	411.0		0.355	44.2		14696		33227		0
291	410.0		0.356	44.0		14518		32955		0
292	409.0		0.358	43.9		14341		32664		0
293	408.0		0.359	43.7		14186		32394		0
294	407.0		0.360	43.6		14015		32102		0
295	406.0		0.361	43.5		13849		31798		0
296	405.0		0.362	43.4		13683		31478		0
297	404.0		0.363	43.4		13512		31146		0
298	403.0		0.364	43.3		13337		30789		0
299	402.0		0.364	43.2		13165		30450		0
300	401.0		0.364	43.2		13000		30072		0
301	400.0		0.365	43.2		12828		29702		0
