23MS029.wls
Scan Wavelength: 400.0 nm - 700.0 nm  Test Mode: Abs Mode  Test Time:03-09-2024 16:07:21
Peak/Valley Data Record
No.	Wavelength(nm)	Abs	Trans(%T)	Energy	Energy(100%T)	Energy(0%T)
No Peak/Valley Data.
Wavelength Scan Data Record
No.	Wavelength(nm)	Abs	Trans(%T)	Energy	Energy(100%T)	Energy(0%T)
1	700.0		0.018	95.9		34368		34296		0
2	699.0		0.019	95.7		34320		34894		0
3	698.0		0.020	95.6		34248		35494		0
4	697.0		0.021	95.3		34162		35879		0
5	696.0		0.021	95.2		34065		35776		0
6	695.0		0.022	95.1		33950		35663		0
7	694.0		0.022	95.1		33830		35539		0
8	693.0		0.022	95.1		33697		35403		0
9	692.0		0.022	95.1		33541		35261		0
10	691.0		0.022	95.1		33403		35118		0
11	690.0		0.022	95.1		33266		34984		0
12	689.0		0.022	95.1		33122		34840		0
13	688.0		0.022	95.0		32960		34683		0
14	687.0		0.022	95.0		32794		34501		0
15	686.0		0.022	95.0		32620		34319		0
16	685.0		0.022	95.0		32428		34124		0
17	684.0		0.022	95.0		32229		33934		0
18	683.0		0.023	94.9		32036		33745		0
19	682.0		0.023	94.9		31855		33542		0
20	681.0		0.023	94.9		31664		33353		0
21	680.0		0.023	94.9		31494		33182		0
22	679.0		0.023	94.9		31324		33013		0
23	678.0		0.023	94.8		31160		32840		0
24	677.0		0.023	94.8		30996		32677		0
25	676.0		0.023	94.8		30832		32512		0
26	675.0		0.023	94.8		30658		32330		0
27	674.0		0.024	94.7		30491		32167		0
28	673.0		0.024	94.7		30317		31997		0
29	672.0		0.024	94.7		30171		31845		0
30	671.0		0.024	94.7		30048		31725		0
31	670.0		0.024	94.6		29954		31634		0
32	669.0		0.024	94.6		29861		31539		0
33	668.0		0.024	94.6		29778		31456		0
34	667.0		0.024	94.6		29696		31378		0
35	666.0		0.024	94.6		29626		31315		0
36	665.0		0.024	94.5		29571		31261		0
37	664.0		0.024	94.5		29513		31203		0
38	663.0		0.025	94.5		29446		31143		0
39	662.0		0.025	94.4		29402		31103		0
40	661.0		0.025	94.4		29374		31087		0
41	660.0		0.025	94.4		29377		31094		0
42	659.0		0.025	94.4		29389		31118		0
43	658.0		0.025	94.3		29402		31148		0
44	657.0		0.025	94.3		29425		31170		0
45	656.0		0.025	94.3		29452		31203		0
46	655.0		0.026	94.3		29485		31249		0
47	654.0		0.026	94.3		29521		31300		0
48	653.0		0.026	94.2		29566		31364		0
49	652.0		0.026	94.2		29612		31424		0
50	651.0		0.026	94.2		29676		31502		0
51	650.0		0.026	94.1		29773		31603		0
52	649.0		0.026	94.1		29876		31726		0
53	648.0		0.026	94.1		29989		31848		0
54	647.0		0.026	94.1		30106		31977		0
55	646.0		0.027	94.1		30215		32098		0
56	645.0		0.027	94.1		30335		32239		0
57	644.0		0.027	94.0		30462		32384		0
58	643.0		0.027	94.0		30590		32535		0
59	642.0		0.027	94.0		30724		32690		0
60	641.0		0.027	93.9		30875		32855		0
61	640.0		0.027	93.9		31041		33046		0
62	639.0		0.027	93.9		31229		33250		0
63	638.0		0.028	93.8		31427		33475		0
64	637.0		0.028	93.8		31640		33703		0
65	636.0		0.028	93.8		31822		33920		0
66	635.0		0.028	93.7		32015		34128		0
67	634.0		0.028	93.7		32214		34357		0
68	633.0		0.028	93.7		32413		34572		0
69	632.0		0.028	93.7		32615		34802		0
70	631.0		0.029	93.6		32825		35042		0
71	630.0		0.029	93.6		33060		35288		0
72	629.0		0.029	93.6		33279		35551		0
73	628.0		0.029	93.5		33525		35827		0
74	627.0		0.029	93.5		33787		36124		0
75	626.0		0.029	93.5		34056		36419		0
76	625.0		0.029	93.4		34314		36710		0
77	624.0		0.030	93.4		34559		37002		0
78	623.0		0.030	93.4		34809		37284		0
79	622.0		0.030	93.3		35060		37554		0
80	621.0		0.030	93.3		35334		37866		0
81	620.0		0.030	93.2		35620		38188		0
82	619.0		0.031	93.2		35914		38522		0
83	618.0		0.031	93.2		36192		38830		0
84	617.0		0.031	93.1		36480		39164		0
85	616.0		0.031	93.1		36774		39512		0
86	615.0		0.031	93.0		37109		39877		0
87	614.0		0.032	93.0		37442		40245		0
88	613.0		0.032	92.9		37752		40607		0
89	612.0		0.032	92.9		38033		40959		0
90	611.0		0.032	92.8		38336		41278		0
91	610.0		0.033	92.8		38631		41618		0
92	609.0		0.033	92.7		38910		41947		0
93	608.0		0.033	92.7		39159		42245		0
94	607.0		0.033	92.6		39376		42498		0
95	606.0		0.034	92.6		39562		42718		0
96	605.0		0.034	92.5		39692		42897		0
97	604.0		0.034	92.4		39769		43008		0
98	603.0		0.034	92.4		39768		43036		0
99	602.0		0.035	92.3		39669		42980		0
100	601.0		0.035	92.2		39514		42827		0
101	600.0		0.035	92.2		39300		42632		0
102	599.0		0.036	92.1		38993		42322		0
103	598.0		0.036	92.0		38594		41919		0
104	597.0		0.037	91.9		38084		41400		0
105	596.0		0.037	91.8		37469		40784		0
106	595.0		0.037	91.7		36783		40080		0
107	594.0		0.038	91.7		36052		39299		0
108	593.0		0.038	91.5		35202		38457		0
109	592.0		0.039	91.4		34327		37485		0
110	591.0		0.040	91.3		33360		36513		0
111	590.0		0.040	91.2		32394		35508		0
112	589.0		0.041	91.1		31473		34540		0
113	588.0		0.041	90.9		30607		33615		0
114	587.0		0.042	90.8		29764		32779		0
115	586.0		0.042	90.7		28980		31945		0
116	585.0		0.043	90.6		28237		31132		0
117	584.0		0.044	90.4		27492		30386		0
118	583.0		0.044	90.3		26828		29697		0
119	582.0		0.045	90.1		26187		29058		0
120	581.0		0.046	90.0		25644		28474		0
121	580.0		0.047	89.8		25134		27976		0
122	579.0		0.048	89.6		24657		27540		0
123	578.0		0.049	89.4		24262		27137		0
124	577.0		0.050	89.2		23952		26848		0
125	576.0		0.051	89.0		23701		26628		0
126	575.0		0.052	88.8		23524		26496		0
127	574.0		0.053	88.6		23425		26442		0
128	573.0		0.054	88.3		23396		26481		0
129	572.0		0.055	88.1		23465		26632		0
130	571.0		0.056	87.9		23656		26925		0
131	570.0		0.057	87.6		24024		27425		0
132	569.0		0.059	87.4		24716		28297		0
133	568.0		0.060	87.1		25675		29490		0
134	567.0		0.061	86.8		26531		30577		0
135	566.0		0.063	86.5		27118		31365		0
136	565.0		0.064	86.2		27527		31938		0
137	564.0		0.066	85.9		27816		32374		0
138	563.0		0.067	85.6		27980		32684		0
139	562.0		0.069	85.3		28030		32868		0
140	561.0		0.071	85.0		27968		32918		0
141	560.0		0.072	84.7		27766		32821		0
142	559.0		0.074	84.3		27453		32569		0
143	558.0		0.076	84.0		27013		32172		0
144	557.0		0.078	83.6		26428		31638		0
145	556.0		0.080	83.3		25758		30927		0
146	555.0		0.082	82.9		24903		30076		0
147	554.0		0.084	82.5		24032		29145		0
148	553.0		0.086	82.0		23034		28126		0
149	552.0		0.088	81.6		22135		27169		0
150	551.0		0.090	81.2		21267		26215		0
151	550.0		0.093	80.8		20404		25296		0
152	549.0		0.095	80.3		21149		26352		0
153	548.0		0.098	79.8		20590		25804		0
154	547.0		0.100	79.4		20026		25235		0
155	546.0		0.103	79.0		19509		24696		0
156	545.0		0.105	78.5		18932		24132		0
157	544.0		0.108	78.0		18457		23661		0
158	543.0		0.110	77.5		18151		23433		0
159	542.0		0.113	77.0		18029		23422		0
160	541.0		0.116	76.6		17898		23400		0
161	540.0		0.119	76.1		17749		23352		0
162	539.0		0.121	75.6		17595		23281		0
163	538.0		0.124	75.1		17423		23201		0
164	537.0		0.127	74.7		17235		23096		0
165	536.0		0.130	74.2		17034		22971		0
166	535.0		0.132	73.7		16838		22854		0
167	534.0		0.135	73.2		16632		22719		0
168	533.0		0.138	72.8		16419		22577		0
169	532.0		0.141	72.3		16196		22422		0
170	531.0		0.144	71.8		15971		22262		0
171	530.0		0.147	71.3		15744		22111		0
172	529.0		0.150	70.8		15537		21959		0
173	528.0		0.153	70.3		15333		21813		0
174	527.0		0.156	69.9		15129		21673		0
175	526.0		0.158	69.4		14936		21523		0
176	525.0		0.161	69.0		14735		21367		0
177	524.0		0.164	68.5		14533		21215		0
178	523.0		0.167	68.1		14335		21053		0
179	522.0		0.170	67.7		14141		20899		0
180	521.0		0.172	67.3		13956		20756		0
181	520.0		0.175	66.8		13767		20611		0
182	519.0		0.178	66.4		13586		20463		0
183	518.0		0.180	66.0		13399		20312		0
184	517.0		0.183	65.6		13216		20162		0
185	516.0		0.185	65.2		26376		40459		0
186	515.0		0.188	64.9		12892		19887		0
187	514.0		0.190	64.5		25728		39889		0
188	513.0		0.192	64.2		25406		39599		0
189	512.0		0.195	63.9		25090		39298		0
190	511.0		0.197	63.6		24808		39030		0
191	510.0		0.199	63.3		24515		38786		0
192	509.0		0.201	63.0		24262		38539		0
193	508.0		0.203	62.7		23989		38292		0
194	507.0		0.205	62.4		23712		38012		0
195	506.0		0.206	62.2		23447		37756		0
196	505.0		0.208	61.9		23185		37488		0
197	504.0		0.210	61.7		22948		37238		0
198	503.0		0.211	61.5		22716		36986		0
199	502.0		0.213	61.3		22508		36762		0
200	501.0		0.214	61.1		22289		36526		0
201	500.0		0.215	61.0		22099		36288		0
202	499.0		0.216	60.8		21905		36074		0
203	498.0		0.217	60.7		21726		35852		0
204	497.0		0.218	60.5		21551		35629		0
205	496.0		0.219	60.4		21369		35394		0
206	495.0		0.219	60.3		21186		35155		0
207	494.0		0.220	60.3		20994		34894		0
208	493.0		0.221	60.2		20826		34635		0
209	492.0		0.221	60.1		20669		34400		0
210	491.0		0.221	60.1		20514		34179		0
211	490.0		0.221	60.1		20389		33972		0
212	489.0		0.221	60.1		20262		33763		0
213	488.0		0.221	60.1		20137		33551		0
214	487.0		0.221	60.1		20016		33335		0
215	486.0		0.221	60.2		19901		33134		0
216	485.0		0.220	60.2		19799		32921		0
217	484.0		0.220	60.3		19684		32700		0
218	483.0		0.219	60.4		19564		32456		0
219	482.0		0.218	60.5		19445		32216		0
220	481.0		0.218	60.6		19340		31978		0
221	480.0		0.217	60.7		19254		31772		0
222	479.0		0.216	60.8		19170		31566		0
223	478.0		0.215	61.0		19088		31355		0
224	477.0		0.214	61.1		19000		31141		0
225	476.0		0.213	61.3		18917		30918		0
226	475.0		0.211	61.5		18830		30685		0
227	474.0		0.210	61.6		18745		30461		0
228	473.0		0.209	61.8		18658		30213		0
229	472.0		0.207	62.0		18562		29968		0
230	471.0		0.206	62.2		18468		29703		0
231	470.0		0.204	62.5		18372		29446		0
232	469.0		0.203	62.7		18284		29188		0
233	468.0		0.201	63.0		18191		28933		0
234	467.0		0.199	63.2		18095		28680		0
235	466.0		0.198	63.5		17998		28409		0
236	465.0		0.196	63.7		17894		28127		0
237	464.0		0.194	64.0		17774		27844		0
238	463.0		0.192	64.2		17652		27534		0
239	462.0		0.191	64.5		17514		27220		0
240	461.0		0.189	64.7		17381		26895		0
241	460.0		0.187	65.0		17232		26552		0
242	459.0		0.185	65.3		17070		26192		0
243	458.0		0.183	65.6		16897		25804		0
244	457.0		0.182	65.8		16719		25429		0
245	456.0		0.180	66.1		16540		25042		0
246	455.0		0.178	66.4		16350		24667		0
247	454.0		0.176	66.6		16155		24282		0
248	453.0		0.175	66.9		15945		23876		0
249	452.0		0.173	67.1		15737		23489		0
250	451.0		0.172	67.4		15522		23076		0
251	450.0		0.170	67.6		15310		22695		0
252	449.0		0.169	67.8		15102		22302		0
253	448.0		0.167	68.0		14878		21906		0
254	447.0		0.166	68.3		14652		21508		0
255	446.0		0.165	68.5		14420		21082		0
256	445.0		0.163	68.6		14185		20698		0
257	444.0		0.162	68.8		13974		20341		0
258	443.0		0.162	68.9		28022		40710		0
259	442.0		0.161	69.0		27632		40077		0
260	441.0		0.160	69.1		27266		39506		0
261	440.0		0.160	69.2		26910		38931		0
262	439.0		0.159	69.3		26590		38429		0
263	438.0		0.159	69.3		26263		37951		0
264	437.0		0.159	69.3		25932		37476		0
265	436.0		0.159	69.3		25589		36990		0
266	435.0		0.160	69.2		25208		36484		0
267	434.0		0.160	69.1		24819		35923		0
268	433.0		0.161	69.0		24386		35396		0
269	432.0		0.162	68.9		23978		34872		0
270	431.0		0.163	68.7		23540		34335		0
271	430.0		0.164	68.5		23108		33808		0
272	429.0		0.165	68.4		23400		34199		0
273	428.0		0.166	68.2		23402		34336		0
274	427.0		0.168	67.9		23368		34463		0
275	426.0		0.171	67.5		23302		34571		0
276	425.0		0.174	67.0		23203		34657		0
277	424.0		0.177	66.5		23077		34725		0
278	423.0		0.181	65.9		22892		34764		0
279	422.0		0.185	65.3		22673		34779		0
280	421.0		0.190	64.6		22432		34753		0
281	420.0		0.195	63.9		22154		34721		0
282	419.0		0.200	63.1		21862		34655		0
283	418.0		0.205	62.3		21533		34564		0
284	417.0		0.211	61.5		21174		34446		0
285	416.0		0.217	60.6		20776		34304		0
286	415.0		0.224	59.7		20358		34140		0
287	414.0		0.232	58.7		19919		33956		0
288	413.0		0.240	57.6		19432		33749		0
289	412.0		0.248	56.5		18920		33519		0
290	411.0		0.257	55.3		18381		33275		0
291	410.0		0.267	54.0		17808		32994		0
292	409.0		0.278	52.8		17241		32718		0
293	408.0		0.288	51.5		16677		32442		0
294	407.0		0.299	50.2		16141		32152		0
295	406.0		0.310	49.0		15567		31830		0
296	405.0		0.322	47.6		15010		31522		0
297	404.0		0.334	46.3		14422		31174		0
298	403.0		0.347	45.0		13842		30828		0
299	402.0		0.361	43.6		13268		30470		0
300	401.0		0.371	42.6		12696		30111		0
301	400.0		0.380	41.7		12126		29748		0
