23MS122.wls
Scan Wavelength: 400.0 nm - 700.0 nm  Test Mode: Abs Mode  Test Time:12-09-2024 15:24:09
Peak/Valley Data Record
No.	Wavelength(nm)	Abs	Trans(%T)	Energy	Energy(100%T)	Energy(0%T)
No Peak/Valley Data.
Wavelength Scan Data Record
No.	Wavelength(nm)	Abs	Trans(%T)	Energy	Energy(100%T)	Energy(0%T)
1	700.0		0.003	99.3		35501		34240		0
2	699.0		0.004	99.2		35457		34863		0
3	698.0		0.004	99.0		35393		35429		0
4	697.0		0.005	98.8		35319		35783		0
5	696.0		0.006	98.7		35225		35681		0
6	695.0		0.006	98.6		35118		35579		0
7	694.0		0.006	98.6		34996		35451		0
8	693.0		0.006	98.6		34859		35318		0
9	692.0		0.006	98.6		34705		35178		0
10	691.0		0.006	98.6		34567		35041		0
11	690.0		0.006	98.6		34424		34902		0
12	689.0		0.006	98.6		34291		34761		0
13	688.0		0.006	98.6		34135		34608		0
14	687.0		0.006	98.6		33950		34423		0
15	686.0		0.006	98.6		33767		34232		0
16	685.0		0.006	98.6		33578		34050		0
17	684.0		0.006	98.6		33385		33854		0
18	683.0		0.006	98.6		33191		33658		0
19	682.0		0.006	98.6		33003		33462		0
20	681.0		0.006	98.6		32816		33269		0
21	680.0		0.006	98.6		32644		33097		0
22	679.0		0.006	98.6		32467		32935		0
23	678.0		0.006	98.6		32298		32773		0
24	677.0		0.006	98.5		32136		32610		0
25	676.0		0.006	98.5		31967		32446		0
26	675.0		0.006	98.5		31803		32268		0
27	674.0		0.006	98.5		31638		32101		0
28	673.0		0.006	98.5		31467		31922		0
29	672.0		0.006	98.5		31321		31775		0
30	671.0		0.006	98.5		31196		31656		0
31	670.0		0.006	98.5		31095		31556		0
32	669.0		0.006	98.5		31014		31464		0
33	668.0		0.006	98.5		30935		31377		0
34	667.0		0.007	98.5		30859		31299		0
35	666.0		0.007	98.5		30798		31238		0
36	665.0		0.007	98.5		30744		31177		0
37	664.0		0.007	98.5		30695		31132		0
38	663.0		0.007	98.5		30631		31084		0
39	662.0		0.007	98.5		30582		31040		0
40	661.0		0.007	98.5		30566		31016		0
41	660.0		0.007	98.5		30570		31027		0
42	659.0		0.007	98.5		30594		31049		0
43	658.0		0.007	98.5		30617		31074		0
44	657.0		0.007	98.4		30642		31098		0
45	656.0		0.007	98.4		30671		31133		0
46	655.0		0.007	98.4		30705		31176		0
47	654.0		0.007	98.4		30750		31230		0
48	653.0		0.007	98.4		30796		31288		0
49	652.0		0.007	98.4		30842		31352		0
50	651.0		0.007	98.3		30919		31426		0
51	650.0		0.007	98.3		31014		31534		0
52	649.0		0.007	98.3		31129		31654		0
53	648.0		0.007	98.3		31247		31777		0
54	647.0		0.007	98.3		31372		31895		0
55	646.0		0.007	98.3		31494		32027		0
56	645.0		0.008	98.3		31623		32162		0
57	644.0		0.008	98.3		31766		32305		0
58	643.0		0.008	98.3		31901		32455		0
59	642.0		0.008	98.2		32040		32605		0
60	641.0		0.008	98.2		32196		32774		0
61	640.0		0.008	98.2		32384		32958		0
62	639.0		0.008	98.2		32585		33172		0
63	638.0		0.008	98.2		32794		33394		0
64	637.0		0.008	98.2		33016		33614		0
65	636.0		0.008	98.2		33221		33836		0
66	635.0		0.008	98.1		33430		34048		0
67	634.0		0.008	98.1		33633		34267		0
68	633.0		0.008	98.1		33838		34486		0
69	632.0		0.008	98.1		34064		34706		0
70	631.0		0.009	98.1		34281		34940		0
71	630.0		0.009	98.0		34515		35200		0
72	629.0		0.009	98.0		34758		35462		0
73	628.0		0.009	98.0		35022		35749		0
74	627.0		0.009	97.9		35293		36028		0
75	626.0		0.009	97.9		35577		36321		0
76	625.0		0.009	97.9		35849		36615		0
77	624.0		0.009	97.9		36118		36896		0
78	623.0		0.010	97.8		36387		37185		0
79	622.0		0.010	97.8		36660		37477		0
80	621.0		0.010	97.8		36947		37777		0
81	620.0		0.010	97.8		37253		38077		0
82	619.0		0.010	97.8		37554		38405		0
83	618.0		0.010	97.7		37845		38739		0
84	617.0		0.010	97.7		38141		39058		0
85	616.0		0.010	97.6		38461		39404		0
86	615.0		0.011	97.6		38806		39768		0
87	614.0		0.011	97.5		39160		40132		0
88	613.0		0.011	97.5		39490		40486		0
89	612.0		0.011	97.5		39804		40817		0
90	611.0		0.011	97.4		40106		41147		0
91	610.0		0.011	97.4		40412		41488		0
92	609.0		0.012	97.4		40702		41823		0
93	608.0		0.012	97.3		40998		42106		0
94	607.0		0.012	97.3		41237		42370		0
95	606.0		0.012	97.3		41425		42590		0
96	605.0		0.012	97.2		41570		42757		0
97	604.0		0.013	97.2		41658		42864		0
98	603.0		0.013	97.1		41671		42896		0
99	602.0		0.013	97.0		41598		42838		0
100	601.0		0.013	97.0		41428		42696		0
101	600.0		0.014	96.9		41205		42488		0
102	599.0		0.014	96.9		40891		42178		0
103	598.0		0.014	96.8		40482		41781		0
104	597.0		0.014	96.8		39952		41270		0
105	596.0		0.015	96.7		39331		40652		0
106	595.0		0.015	96.6		38612		39965		0
107	594.0		0.015	96.6		37874		39173		0
108	593.0		0.015	96.5		36998		38326		0
109	592.0		0.016	96.5		36061		37388		0
110	591.0		0.016	96.4		35130		36370		0
111	590.0		0.016	96.3		34104		35392		0
112	589.0		0.017	96.3		33149		34445		0
113	588.0		0.017	96.2		32260		33528		0
114	587.0		0.017	96.1		31407		32647		0
115	586.0		0.017	96.1		30596		31851		0
116	585.0		0.018	96.0		29836		31030		0
117	584.0		0.018	95.9		29080		30278		0
118	583.0		0.018	95.8		28382		29612		0
119	582.0		0.019	95.8		27762		28960		0
120	581.0		0.019	95.7		27202		28404		0
121	580.0		0.020	95.6		26694		27898		0
122	579.0		0.020	95.5		26234		27438		0
123	578.0		0.020	95.4		25835		27062		0
124	577.0		0.021	95.3		25530		26766		0
125	576.0		0.021	95.2		25298		26560		0
126	575.0		0.022	95.2		25149		26427		0
127	574.0		0.022	95.1		25079		26372		0
128	573.0		0.022	95.0		25089		26411		0
129	572.0		0.023	94.9		25207		26566		0
130	571.0		0.023	94.8		25456		26857		0
131	570.0		0.024	94.7		25887		27368		0
132	569.0		0.024	94.6		26684		28217		0
133	568.0		0.025	94.4		27725		29386		0
134	567.0		0.025	94.3		28726		30473		0
135	566.0		0.026	94.2		29428		31249		0
136	565.0		0.027	94.0		29926		31828		0
137	564.0		0.027	93.9		30287		32257		0
138	563.0		0.028	93.7		30527		32574		0
139	562.0		0.029	93.6		30643		32754		0
140	561.0		0.030	93.4		30629		32800		0
141	560.0		0.031	93.2		30476		32698		0
142	559.0		0.031	93.0		30175		32447		0
143	558.0		0.032	92.8		29741		32034		0
144	557.0		0.033	92.6		29187		31517		0
145	556.0		0.034	92.4		28465		30818		0
146	555.0		0.035	92.2		27617		29954		0
147	554.0		0.036	91.9		26649		29033		0
148	553.0		0.038	91.7		25686		28029		0
149	552.0		0.039	91.4		24707		27033		0
150	551.0		0.040	91.1		23741		26079		0
151	550.0		0.042	90.8		22839		25208		0
152	549.0		0.043	90.5		23817		26332		0
153	548.0		0.044	90.3		23254		25743		0
154	547.0		0.046	90.0		22664		25199		0
155	546.0		0.047	89.7		22129		24664		0
156	545.0		0.049	89.4		21549		24097		0
157	544.0		0.050	89.1		21060		23630		0
158	543.0		0.052	88.7		20754		23411		0
159	542.0		0.054	88.3		20662		23406		0
160	541.0		0.056	87.9		20557		23382		0
161	540.0		0.058	87.6		20429		23333		0
162	539.0		0.060	87.1		20272		23267		0
163	538.0		0.062	86.7		20098		23185		0
164	537.0		0.064	86.3		19900		23075		0
165	536.0		0.066	85.8		19693		22950		0
166	535.0		0.069	85.4		19479		22823		0
167	534.0		0.071	84.9		19257		22695		0
168	533.0		0.074	84.4		19025		22548		0
169	532.0		0.077	83.8		18765		22400		0
170	531.0		0.080	83.2		18496		22244		0
171	530.0		0.083	82.6		18241		22086		0
172	529.0		0.086	82.0		17977		21931		0
173	528.0		0.090	81.3		17713		21793		0
174	527.0		0.093	80.7		17452		21645		0
175	526.0		0.097	80.0		17194		21499		0
176	525.0		0.101	79.3		16920		21350		0
177	524.0		0.105	78.5		16631		21193		0
178	523.0		0.109	77.8		16350		21042		0
179	522.0		0.114	77.0		16066		20888		0
180	521.0		0.118	76.2		15796		20745		0
181	520.0		0.123	75.3		15507		20597		0
182	519.0		0.128	74.4		15212		20450		0
183	518.0		0.134	73.5		14904		20291		0
184	517.0		0.139	72.5		14602		20150		0
185	516.0		0.145	71.6		14303		20004		0
186	515.0		0.151	70.7		14030		19872		0
187	514.0		0.157	69.7		13743		19727		0
188	513.0		0.163	68.7		13448		19579		0
189	512.0		0.169	67.7		13145		19438		0
190	511.0		0.176	66.7		12858		19301		0
191	510.0		0.183	65.7		12593		19178		0
192	509.0		0.189	64.6		12323		19056		0
193	508.0		0.197	63.6		12030		18937		0
194	507.0		0.204	62.5		11744		18804		0
195	506.0		0.212	61.3		11437		18667		0
196	505.0		0.220	60.2		11155		18537		0
197	504.0		0.229	59.1		10868		18414		0
198	503.0		0.237	58.0		10589		18292		0
199	502.0		0.245	56.9		10340		18168		0
200	501.0		0.253	55.8		10073		18053		0
201	500.0		0.261	54.8		9812		17943		0
202	499.0		0.270	53.7		9568		17836		0
203	498.0		0.278	52.7		18858		35806		0
204	497.0		0.287	51.6		18374		35576		0
205	496.0		0.296	50.6		17861		35344		0
206	495.0		0.306	49.5		17339		35109		0
207	494.0		0.315	48.4		16834		34847		0
208	493.0		0.325	47.3		16329		34583		0
209	492.0		0.334	46.3		15894		34346		0
210	491.0		0.344	45.3		15450		34124		0
211	490.0		0.352	44.4		15053		33917		0
212	489.0		0.362	43.5		14639		33710		0
213	488.0		0.370	42.6		14262		33498		0
214	487.0		0.379	41.8		13887		33280		0
215	486.0		0.388	40.9		13524		33069		0
216	485.0		0.397	40.1		13167		32861		0
217	484.0		0.406	39.3		12810		32645		0
218	483.0		0.415	38.5		12450		32411		0
219	482.0		0.424	37.7		12089		32157		0
220	481.0		0.433	36.9		11761		31935		0
221	480.0		0.441	36.2		11464		31715		0
222	479.0		0.449	35.6		11199		31513		0
223	478.0		0.456	35.0		10933		31299		0
224	477.0		0.464	34.4		10670		31083		0
225	476.0		0.471	33.8		10422		30855		0
226	475.0		0.477	33.3		10189		30628		0
227	474.0		0.484	32.8		9964		30402		0
228	473.0		0.490	32.4		9745		30165		0
229	472.0		0.496	31.9		9528		29915		0
230	471.0		0.502	31.5		9328		29651		0
231	470.0		0.507	31.1		9124		29382		0
232	469.0		0.512	30.8		8943		29126		0
233	468.0		0.516	30.5		8771		28879		0
234	467.0		0.520	30.2		8620		28612		0
235	466.0		0.524	29.9		8476		28352		0
236	465.0		0.527	29.7		8340		28081		0
237	464.0		0.529	29.6		8204		27789		0
238	463.0		0.531	29.4		8076		27467		0
239	462.0		0.533	29.3		7948		27144		0
240	461.0		0.534	29.2		7832		26844		0
241	460.0		0.535	29.2		7714		26492		0
242	459.0		0.535	29.2		7604		26137		0
243	458.0		0.535	29.2		7498		25742		0
244	457.0		0.534	29.2		7401		25365		0
245	456.0		0.533	29.3		7312		24993		0
246	455.0		0.531	29.4		7226		24599		0
247	454.0		0.529	29.6		7146		24222		0
248	453.0		0.527	29.7		7068		23826		0
249	452.0		0.524	29.9		6996		23408		0
250	451.0		0.521	30.1		6931		23016		0
251	450.0		0.517	30.4		6870		22635		0
252	449.0		0.513	30.7		6817		22245		0
253	448.0		0.508	31.0		6767		21859		0
254	447.0		0.503	31.4		6720		21428		0
255	446.0		0.497	31.8		6680		21031		0
256	445.0		0.491	32.3		6650		20638		0
257	444.0		0.485	32.7		6629		20300		0
258	443.0		0.479	33.2		6616		19958		0
259	442.0		0.472	33.7		6613		19652		0
260	441.0		0.466	34.2		6617		19372		0
261	440.0		0.459	34.8		6634		19090		0
262	439.0		0.451	35.4		6654		18852		0
263	438.0		0.444	36.0		6682		18609		0
264	437.0		0.436	36.6		6718		18383		0
265	436.0		0.428	37.3		6754		18136		0
266	435.0		0.419	38.1		6794		17885		0
267	434.0		0.410	38.9		13910		35837		0
268	433.0		0.402	39.7		13986		35299		0
269	432.0		0.393	40.5		14047		34768		0
270	431.0		0.383	41.4		14105		34233		0
271	430.0		0.374	42.3		14158		33689		0
272	429.0		0.362	43.4		14886		34108		0
273	428.0		0.353	44.4		15217		34257		0
274	427.0		0.344	45.3		15565		34388		0
275	426.0		0.335	46.2		15911		34485		0
276	425.0		0.327	47.1		16240		34569		0
277	424.0		0.319	48.0		16567		34640		0
278	423.0		0.311	48.9		16930		34676		0
279	422.0		0.302	49.8		17283		34681		0
280	421.0		0.294	50.8		17592		34666		0
281	420.0		0.287	51.7		17879		34622		0
282	419.0		0.279	52.6		18148		34557		0
283	418.0		0.272	53.5		18402		34464		0
284	417.0		0.265	54.3		18626		34340		0
285	416.0		0.258	55.2		18850		34196		0
286	415.0		0.252	56.0		19050		34037		0
287	414.0		0.245	56.8		19224		33860		0
288	413.0		0.239	57.6		19371		33648		0
289	412.0		0.234	58.4		19494		33422		0
290	411.0		0.228	59.2		19602		33158		0
291	410.0		0.223	59.9		19690		32901		0
292	409.0		0.218	60.6		19742		32604		0
293	408.0		0.213	61.2		19766		32320		0
294	407.0		0.209	61.7		19759		32023		0
295	406.0		0.206	62.2		19725		31728		0
296	405.0		0.203	62.6		19660		31396		0
297	404.0		0.201	63.0		19557		31069		0
298	403.0		0.199	63.3		19422		30710		0
299	402.0		0.198	63.5		19256		30373		0
300	401.0		0.197	63.6		19058		29991		0
301	400.0		0.197	63.6		18829		29615		0
