23MS131.wls
Scan Wavelength: 400.0 nm - 700.0 nm  Test Mode: Abs Mode  Test Time:23-09-2024 15:44:44
Peak/Valley Data Record
No.	Wavelength(nm)	Abs	Trans(%T)	Energy	Energy(100%T)	Energy(0%T)
No Peak/Valley Data.
Wavelength Scan Data Record
No.	Wavelength(nm)	Abs	Trans(%T)	Energy	Energy(100%T)	Energy(0%T)
1	700.0		0.020	95.6		34326		34252		0
2	699.0		0.021	95.3		34225		34857		0
3	698.0		0.022	95.0		34088		35508		0
4	697.0		0.024	94.6		33943		35858		0
5	696.0		0.025	94.3		33781		35761		0
6	695.0		0.027	94.1		33604		35652		0
7	694.0		0.027	93.9		33410		35536		0
8	693.0		0.028	93.7		33208		35390		0
9	692.0		0.029	93.4		32985		35243		0
10	691.0		0.031	93.2		32768		35099		0
11	690.0		0.032	93.0		32559		34955		0
12	689.0		0.033	92.7		32343		34822		0
13	688.0		0.034	92.5		32111		34661		0
14	687.0		0.035	92.2		31851		34488		0
15	686.0		0.037	91.9		31578		34303		0
16	685.0		0.038	91.6		31323		34112		0
17	684.0		0.039	91.4		31035		33920		0
18	683.0		0.041	91.1		30758		33711		0
19	682.0		0.042	90.8		30496		33513		0
20	681.0		0.043	90.5		30218		33338		0
21	680.0		0.045	90.2		29966		33149		0
22	679.0		0.046	89.9		29703		32988		0
23	678.0		0.048	89.6		29463		32820		0
24	677.0		0.049	89.3		29205		32656		0
25	676.0		0.051	89.0		28951		32485		0
26	675.0		0.053	88.6		28684		32318		0
27	674.0		0.054	88.3		28429		32144		0
28	673.0		0.056	87.9		28161		31966		0
29	672.0		0.057	87.6		27929		31819		0
30	671.0		0.059	87.3		27720		31701		0
31	670.0		0.061	86.9		27534		31600		0
32	669.0		0.062	86.6		27351		31524		0
33	668.0		0.064	86.3		27164		31446		0
34	667.0		0.066	85.9		26996		31361		0
35	666.0		0.068	85.6		26833		31292		0
36	665.0		0.069	85.2		26671		31233		0
37	664.0		0.071	84.9		26513		31181		0
38	663.0		0.073	84.5		26349		31118		0
39	662.0		0.075	84.1		26187		31076		0
40	661.0		0.077	83.7		26056		31058		0
41	660.0		0.079	83.4		25957		31071		0
42	659.0		0.081	83.0		25864		31093		0
43	658.0		0.083	82.7		25780		31122		0
44	657.0		0.085	82.3		25701		31150		0
45	656.0		0.086	82.0		25621		31188		0
46	655.0		0.088	81.6		25556		31227		0
47	654.0		0.090	81.3		25484		31281		0
48	653.0		0.092	81.0		25424		31337		0
49	652.0		0.093	80.6		25365		31388		0
50	651.0		0.095	80.3		25319		31463		0
51	650.0		0.097	80.0		25293		31571		0
52	649.0		0.099	79.6		25287		31690		0
53	648.0		0.101	79.3		25285		31817		0
54	647.0		0.102	79.0		25290		31940		0
55	646.0		0.104	78.7		25297		32069		0
56	645.0		0.106	78.4		25312		32204		0
57	644.0		0.107	78.1		25333		32349		0
58	643.0		0.109	77.9		25355		32495		0
59	642.0		0.110	77.6		25388		32657		0
60	641.0		0.112	77.3		25430		32820		0
61	640.0		0.113	77.1		25491		33004		0
62	639.0		0.115	76.8		25568		33212		0
63	638.0		0.116	76.6		25658		33443		0
64	637.0		0.117	76.4		25749		33668		0
65	636.0		0.118	76.1		25841		33884		0
66	635.0		0.120	75.9		25945		34106		0
67	634.0		0.121	75.7		26044		34318		0
68	633.0		0.122	75.6		26148		34530		0
69	632.0		0.123	75.4		26264		34765		0
70	631.0		0.124	75.2		26389		35004		0
71	630.0		0.124	75.1		26529		35261		0
72	629.0		0.125	75.0		26669		35516		0
73	628.0		0.126	74.8		26823		35770		0
74	627.0		0.127	74.7		26999		36065		0
75	626.0		0.127	74.6		27185		36368		0
76	625.0		0.128	74.5		27377		36658		0
77	624.0		0.128	74.4		27551		36949		0
78	623.0		0.129	74.4		27743		37233		0
79	622.0		0.129	74.3		27938		37510		0
80	621.0		0.129	74.3		28144		37808		0
81	620.0		0.129	74.3		28385		38135		0
82	619.0		0.129	74.3		28620		38467		0
83	618.0		0.129	74.3		28862		38798		0
84	617.0		0.129	74.3		29104		39112		0
85	616.0		0.129	74.3		29367		39456		0
86	615.0		0.129	74.4		29666		39835		0
87	614.0		0.128	74.4		29964		40198		0
88	613.0		0.128	74.5		30244		40542		0
89	612.0		0.127	74.6		30534		40878		0
90	611.0		0.127	74.6		30827		41216		0
91	610.0		0.126	74.7		31118		41542		0
92	609.0		0.126	74.9		31410		41864		0
93	608.0		0.125	75.0		31687		42164		0
94	607.0		0.124	75.1		31930		42416		0
95	606.0		0.123	75.3		32169		42640		0
96	605.0		0.122	75.5		32363		42798		0
97	604.0		0.121	75.7		32526		42928		0
98	603.0		0.120	75.9		32640		42948		0
99	602.0		0.119	76.1		32690		42891		0
100	601.0		0.117	76.3		32676		42740		0
101	600.0		0.116	76.5		32607		42525		0
102	599.0		0.115	76.8		32467		42225		0
103	598.0		0.114	77.0		32261		41838		0
104	597.0		0.112	77.2		31973		41328		0
105	596.0		0.111	77.5		31592		40689		0
106	595.0		0.109	77.8		31164		39970		0
107	594.0		0.108	78.1		30658		39203		0
108	593.0		0.106	78.3		30106		38336		0
109	592.0		0.104	78.6		29480		37404		0
110	591.0		0.103	78.9		28810		36413		0
111	590.0		0.101	79.3		28139		35454		0
112	589.0		0.099	79.6		27497		34469		0
113	588.0		0.097	79.9		26896		33563		0
114	587.0		0.096	80.2		26269		32694		0
115	586.0		0.094	80.5		25716		31868		0
116	585.0		0.092	80.9		25179		31055		0
117	584.0		0.090	81.2		24663		30287		0
118	583.0		0.089	81.5		24188		29597		0
119	582.0		0.087	81.9		23770		29000		0
120	581.0		0.085	82.2		23402		28408		0
121	580.0		0.083	82.6		23074		27888		0
122	579.0		0.081	82.9		22794		27446		0
123	578.0		0.079	83.3		22572		27063		0
124	577.0		0.078	83.6		22419		26761		0
125	576.0		0.076	84.0		22333		26545		0
126	575.0		0.074	84.3		22304		26404		0
127	574.0		0.072	84.7		22342		26349		0
128	573.0		0.071	85.0		22457		26382		0
129	572.0		0.069	85.3		22681		26538		0
130	571.0		0.067	85.7		23005		26828		0
131	570.0		0.065	86.0		23486		27301		0
132	569.0		0.064	86.3		24341		28186		0
133	568.0		0.062	86.7		25439		29321		0
134	567.0		0.060	87.0		26485		30406		0
135	566.0		0.059	87.3		27238		31204		0
136	565.0		0.057	87.7		27877		31782		0
137	564.0		0.056	88.0		28365		32220		0
138	563.0		0.054	88.3		28718		32529		0
139	562.0		0.053	88.6		28968		32712		0
140	561.0		0.051	88.9		29100		32747		0
141	560.0		0.050	89.1		29100		32646		0
142	559.0		0.049	89.4		28966		32403		0
143	558.0		0.047	89.7		28694		32002		0
144	557.0		0.046	89.9		28269		31448		0
145	556.0		0.045	90.2		27730		30758		0
146	555.0		0.044	90.4		27042		29922		0
147	554.0		0.043	90.7		26236		28948		0
148	553.0		0.041	90.9		25398		27976		0
149	552.0		0.040	91.1		24568		27004		0
150	551.0		0.039	91.3		23754		26047		0
151	550.0		0.038	91.5		22957		25120		0
152	549.0		0.037	91.7		24090		26251		0
153	548.0		0.037	91.9		23642		25716		0
154	547.0		0.036	92.1		23155		25152		0
155	546.0		0.035	92.3		22690		24598		0
156	545.0		0.034	92.4		22215		24055		0
157	544.0		0.034	92.5		21795		23560		0
158	543.0		0.033	92.7		21610		23327		0
159	542.0		0.032	92.8		21630		23308		0
160	541.0		0.032	92.9		21644		23290		0
161	540.0		0.031	93.1		21624		23246		0
162	539.0		0.031	93.1		21581		23178		0
163	538.0		0.030	93.2		21519		23092		0
164	537.0		0.030	93.3		21442		22986		0
165	536.0		0.030	93.4		21343		22869		0
166	535.0		0.029	93.4		21243		22748		0
167	534.0		0.029	93.5		21132		22612		0
168	533.0		0.029	93.6		21004		22462		0
169	532.0		0.029	93.6		20871		22306		0
170	531.0		0.029	93.6		20730		22147		0
171	530.0		0.029	93.6		20582		21986		0
172	529.0		0.029	93.6		20448		21842		0
173	528.0		0.029	93.6		20316		21702		0
174	527.0		0.029	93.6		20181		21554		0
175	526.0		0.029	93.6		20031		21412		0
176	525.0		0.029	93.6		19884		21261		0
177	524.0		0.029	93.5		19732		21111		0
178	523.0		0.029	93.5		19580		20949		0
179	522.0		0.029	93.5		19425		20799		0
180	521.0		0.030	93.4		19278		20641		0
181	520.0		0.030	93.4		19132		20499		0
182	519.0		0.030	93.3		18977		20355		0
183	518.0		0.031	93.2		18815		20204		0
184	517.0		0.031	93.1		18657		20054		0
185	516.0		0.031	93.0		18500		19907		0
186	515.0		0.032	92.9		18348		19772		0
187	514.0		0.032	92.8		18196		19626		0
188	513.0		0.033	92.7		18036		19489		0
189	512.0		0.034	92.5		17881		19341		0
190	511.0		0.034	92.4		17725		19199		0
191	510.0		0.035	92.2		17585		19078		0
192	509.0		0.036	92.1		17441		18964		0
193	508.0		0.037	91.9		17302		18831		0
194	507.0		0.037	91.7		17142		18694		0
195	506.0		0.038	91.6		16988		18565		0
196	505.0		0.039	91.4		16827		18429		0
197	504.0		0.040	91.2		16676		18306		0
198	503.0		0.041	91.0		16524		18179		0
199	502.0		0.042	90.8		16379		18061		0
200	501.0		0.043	90.5		16230		17946		0
201	500.0		0.044	90.3		16092		17828		0
202	499.0		0.045	90.1		32233		35811		0
203	498.0		0.047	89.8		15806		17614		0
204	497.0		0.048	89.6		31664		35366		0
205	496.0		0.049	89.3		31361		35128		0
206	495.0		0.050	89.1		31032		34887		0
207	494.0		0.052	88.8		30699		34625		0
208	493.0		0.053	88.5		30372		34367		0
209	492.0		0.055	88.2		30061		34128		0
210	491.0		0.056	87.9		29768		33900		0
211	490.0		0.057	87.6		29490		33696		0
212	489.0		0.059	87.3		29204		33482		0
213	488.0		0.060	87.0		28919		33274		0
214	487.0		0.062	86.7		28623		33056		0
215	486.0		0.064	86.4		28342		32840		0
216	485.0		0.065	86.1		28064		32638		0
217	484.0		0.067	85.8		27770		32413		0
218	483.0		0.068	85.5		27456		32158		0
219	482.0		0.070	85.1		27134		31924		0
220	481.0		0.072	84.8		26828		31697		0
221	480.0		0.073	84.5		26548		31486		0
222	479.0		0.075	84.2		26286		31285		0
223	478.0		0.076	83.9		26022		31081		0
224	477.0		0.078	83.6		25743		30858		0
225	476.0		0.079	83.3		25468		30623		0
226	475.0		0.081	83.0		25185		30394		0
227	474.0		0.082	82.7		24913		30167		0
228	473.0		0.084	82.5		24630		29921		0
229	472.0		0.085	82.2		24343		29657		0
230	471.0		0.087	81.9		24042		29398		0
231	470.0		0.088	81.7		23756		29143		0
232	469.0		0.089	81.4		23478		28888		0
233	468.0		0.091	81.2		23197		28627		0
234	467.0		0.092	80.9		22921		28375		0
235	466.0		0.093	80.7		22661		28106		0
236	465.0		0.094	80.5		22384		27837		0
237	464.0		0.095	80.3		22082		27532		0
238	463.0		0.096	80.1		21783		27238		0
239	462.0		0.097	80.0		21490		26905		0
240	461.0		0.098	79.8		21192		26586		0
241	460.0		0.099	79.7		20884		26245		0
242	459.0		0.099	79.5		20552		25885		0
243	458.0		0.100	79.4		20218		25519		0
244	457.0		0.101	79.3		19880		25120		0
245	456.0		0.101	79.2		19550		24735		0
246	455.0		0.102	79.1		19247		24376		0
247	454.0		0.102	79.0		18917		23990		0
248	453.0		0.103	78.9		18583		23584		0
249	452.0		0.103	78.8		18243		23171		0
250	451.0		0.104	78.8		17926		22782		0
251	450.0		0.104	78.7		17610		22402		0
252	449.0		0.104	78.6		17281		21998		0
253	448.0		0.105	78.6		16972		21622		0
254	447.0		0.105	78.5		16637		21214		0
255	446.0		0.105	78.5		16309		20817		0
256	445.0		0.106	78.4		15998		20422		0
257	444.0		0.106	78.4		15703		20059		0
258	443.0		0.106	78.3		15436		19743		0
259	442.0		0.106	78.3		15192		19436		0
260	441.0		0.107	78.2		14947		19138		0
261	440.0		0.107	78.2		14729		18876		0
262	439.0		0.107	78.1		14530		18628		0
263	438.0		0.108	78.1		14329		18387		0
264	437.0		0.108	78.0		14129		18150		0
265	436.0		0.109	77.9		13934		17917		0
266	435.0		0.109	77.8		13721		17663		0
267	434.0		0.110	77.7		27462		35405		0
268	433.0		0.110	77.6		27010		34853		0
269	432.0		0.111	77.5		26561		34336		0
270	431.0		0.111	77.5		26135		33803		0
271	430.0		0.111	77.4		25684		33280		0
272	429.0		0.111	77.4		26035		33641		0
273	428.0		0.111	77.4		26103		33784		0
274	427.0		0.112	77.3		26156		33904		0
275	426.0		0.113	77.2		26189		34002		0
276	425.0		0.113	77.0		26206		34096		0
277	424.0		0.114	76.9		26200		34150		0
278	423.0		0.115	76.7		26178		34177		0
279	422.0		0.116	76.6		26128		34188		0
280	421.0		0.117	76.4		26059		34168		0
281	420.0		0.118	76.3		25979		34128		0
282	419.0		0.118	76.1		25881		34060		0
283	418.0		0.119	76.0		25766		33972		0
284	417.0		0.120	75.8		25628		33853		0
285	416.0		0.121	75.7		25476		33710		0
286	415.0		0.122	75.6		25304		33542		0
287	414.0		0.122	75.4		25122		33357		0
288	413.0		0.123	75.3		24925		33151		0
289	412.0		0.124	75.2		24713		32923		0
290	411.0		0.124	75.1		24487		32661		0
291	410.0		0.125	75.0		24243		32388		0
292	409.0		0.126	74.9		24013		32111		0
293	408.0		0.126	74.8		23769		31842		0
294	407.0		0.127	74.7		23525		31545		0
295	406.0		0.127	74.6		23275		31247		0
296	405.0		0.128	74.6		23023		30922		0
297	404.0		0.128	74.5		22760		30595		0
298	403.0		0.128	74.4		22477		30245		0
299	402.0		0.128	74.4		22205		29878		0
300	401.0		0.129	74.4		21929		29527		0
301	400.0		0.129	74.3		21649		29150		0
