23MS234.wls
Scan Wavelength: 400.0 nm - 700.0 nm  Test Mode: Abs Mode  Test Time:24-09-2024 15:09:53
Peak/Valley Data Record
No.	Wavelength(nm)	Abs	Trans(%T)	Energy	Energy(100%T)	Energy(0%T)
No Peak/Valley Data.
Wavelength Scan Data Record
No.	Wavelength(nm)	Abs	Trans(%T)	Energy	Energy(100%T)	Energy(0%T)
1	700.0		0.034	92.5		33448		34483		0
2	699.0		0.035	92.2		33320		35138		0
3	698.0		0.037	91.8		33150		35743		0
4	697.0		0.039	91.3		32960		36097		0
5	696.0		0.041	90.9		32766		35999		0
6	695.0		0.043	90.6		32553		35891		0
7	694.0		0.044	90.3		32343		35770		0
8	693.0		0.046	89.9		32102		35627		0
9	692.0		0.048	89.6		31839		35487		0
10	691.0		0.049	89.3		31584		35345		0
11	690.0		0.051	88.9		31333		35204		0
12	689.0		0.053	88.5		31085		35065		0
13	688.0		0.055	88.2		30811		34901		0
14	687.0		0.057	87.8		30518		34717		0
15	686.0		0.059	87.4		30203		34530		0
16	685.0		0.061	86.9		29894		34350		0
17	684.0		0.063	86.5		29582		34156		0
18	683.0		0.065	86.1		29259		33955		0
19	682.0		0.067	85.7		28942		33764		0
20	681.0		0.069	85.2		28646		33564		0
21	680.0		0.072	84.8		28343		33383		0
22	679.0		0.074	84.4		28072		33217		0
23	678.0		0.076	83.9		27769		33049		0
24	677.0		0.078	83.5		27499		32885		0
25	676.0		0.081	83.0		27190		32715		0
26	675.0		0.084	82.5		26880		32540		0
27	674.0		0.086	82.0		26574		32370		0
28	673.0		0.089	81.4		26263		32204		0
29	672.0		0.092	80.9		25976		32055		0
30	671.0		0.095	80.4		25721		31934		0
31	670.0		0.097	79.9		25486		31833		0
32	669.0		0.100	79.4		25252		31748		0
33	668.0		0.103	78.9		25024		31669		0
34	667.0		0.106	78.4		24806		31599		0
35	666.0		0.108	77.9		24597		31529		0
36	665.0		0.111	77.4		24390		31465		0
37	664.0		0.114	76.9		24184		31417		0
38	663.0		0.117	76.3		23966		31358		0
39	662.0		0.120	75.8		23765		31309		0
40	661.0		0.123	75.3		23572		31291		0
41	660.0		0.126	74.8		23421		31302		0
42	659.0		0.129	74.3		23283		31328		0
43	658.0		0.132	73.8		23147		31351		0
44	657.0		0.135	73.3		23010		31379		0
45	656.0		0.138	72.8		22883		31416		0
46	655.0		0.141	72.3		22760		31460		0
47	654.0		0.144	71.8		22644		31509		0
48	653.0		0.147	71.3		22532		31574		0
49	652.0		0.150	70.8		22414		31630		0
50	651.0		0.153	70.3		22318		31708		0
51	650.0		0.156	69.8		22235		31810		0
52	649.0		0.159	69.4		22170		31931		0
53	648.0		0.162	68.9		22116		32049		0
54	647.0		0.164	68.5		22069		32182		0
55	646.0		0.167	68.1		22024		32303		0
56	645.0		0.169	67.7		21989		32448		0
57	644.0		0.172	67.3		21958		32591		0
58	643.0		0.174	66.9		21936		32745		0
59	642.0		0.177	66.6		21922		32889		0
60	641.0		0.179	66.2		21919		33068		0
61	640.0		0.181	65.8		21924		33260		0
62	639.0		0.184	65.5		21945		33468		0
63	638.0		0.186	65.2		21975		33683		0
64	637.0		0.188	64.9		22015		33913		0
65	636.0		0.190	64.6		22060		34143		0
66	635.0		0.192	64.3		22104		34360		0
67	634.0		0.194	64.0		22153		34574		0
68	633.0		0.195	63.8		22209		34798		0
69	632.0		0.197	63.5		22276		35033		0
70	631.0		0.198	63.3		22354		35270		0
71	630.0		0.200	63.1		22440		35530		0
72	629.0		0.201	63.0		22546		35772		0
73	628.0		0.202	62.8		22653		36054		0
74	627.0		0.203	62.6		22779		36336		0
75	626.0		0.204	62.5		22909		36640		0
76	625.0		0.205	62.4		23050		36938		0
77	624.0		0.206	62.3		23196		37220		0
78	623.0		0.206	62.2		23337		37501		0
79	622.0		0.207	62.1		23486		37801		0
80	621.0		0.207	62.1		23657		38104		0
81	620.0		0.207	62.0		23856		38414		0
82	619.0		0.208	62.0		24051		38740		0
83	618.0		0.208	62.0		24254		39086		0
84	617.0		0.207	62.0		24467		39411		0
85	616.0		0.207	62.1		24696		39752		0
86	615.0		0.207	62.1		24946		40119		0
87	614.0		0.206	62.2		25214		40508		0
88	613.0		0.205	62.3		25471		40859		0
89	612.0		0.205	62.4		25733		41206		0
90	611.0		0.204	62.5		25978		41540		0
91	610.0		0.203	62.7		26257		41865		0
92	609.0		0.202	62.8		26527		42189		0
93	608.0		0.201	63.0		26792		42486		0
94	607.0		0.199	63.2		27034		42752		0
95	606.0		0.198	63.4		27250		42984		0
96	605.0		0.197	63.6		27458		43157		0
97	604.0		0.195	63.8		27636		43267		0
98	603.0		0.193	64.1		27771		43300		0
99	602.0		0.191	64.4		27865		43248		0
100	601.0		0.189	64.7		27902		43112		0
101	600.0		0.187	65.0		27892		42914		0
102	599.0		0.185	65.3		27831		42613		0
103	598.0		0.183	65.6		27701		42208		0
104	597.0		0.181	65.9		27509		41701		0
105	596.0		0.179	66.3		27238		41064		0
106	595.0		0.176	66.6		26912		40363		0
107	594.0		0.174	67.0		26536		39579		0
108	593.0		0.172	67.4		26100		38710		0
109	592.0		0.169	67.8		25612		37779		0
110	591.0		0.166	68.2		25122		36801		0
111	590.0		0.163	68.6		24571		35762		0
112	589.0		0.161	69.1		24059		34794		0
113	588.0		0.158	69.5		23586		33877		0
114	587.0		0.155	70.0		23133		33015		0
115	586.0		0.152	70.4		22688		32198		0
116	585.0		0.149	70.9		22254		31365		0
117	584.0		0.147	71.4		21858		30584		0
118	583.0		0.144	71.8		21495		29878		0
119	582.0		0.141	72.3		21159		29243		0
120	581.0		0.138	72.8		20882		28676		0
121	580.0		0.135	73.3		20645		28161		0
122	579.0		0.132	73.8		20463		27692		0
123	578.0		0.129	74.3		20320		27302		0
124	577.0		0.126	74.8		20231		27002		0
125	576.0		0.123	75.3		20203		26785		0
126	575.0		0.120	75.8		20228		26652		0
127	574.0		0.117	76.3		20319		26592		0
128	573.0		0.115	76.8		20475		26626		0
129	572.0		0.112	77.3		20713		26778		0
130	571.0		0.109	77.8		21076		27060		0
131	570.0		0.106	78.3		21598		27560		0
132	569.0		0.104	78.7		22406		28408		0
133	568.0		0.101	79.2		23471		29603		0
134	567.0		0.098	79.7		24503		30716		0
135	566.0		0.096	80.2		25299		31472		0
136	565.0		0.093	80.7		25926		32072		0
137	564.0		0.091	81.2		26421		32523		0
138	563.0		0.088	81.6		26831		32831		0
139	562.0		0.086	82.1		27126		33013		0
140	561.0		0.084	82.5		27303		33061		0
141	560.0		0.081	82.9		27356		32962		0
142	559.0		0.079	83.3		27279		32716		0
143	558.0		0.077	83.7		27072		32330		0
144	557.0		0.075	84.1		26753		31772		0
145	556.0		0.073	84.5		26284		31071		0
146	555.0		0.071	84.9		25672		30220		0
147	554.0		0.069	85.3		24987		29290		0
148	553.0		0.067	85.6		24224		28233		0
149	552.0		0.066	86.0		23468		27244		0
150	551.0		0.064	86.3		22712		26294		0
151	550.0		0.062	86.6		21991		25370		0
152	549.0		0.061	86.9		23058		26512		0
153	548.0		0.060	87.2		22622		25928		0
154	547.0		0.058	87.5		22191		25354		0
155	546.0		0.057	87.7		21782		24822		0
156	545.0		0.056	88.0		21351		24261		0
157	544.0		0.054	88.2		20985		23772		0
158	543.0		0.053	88.5		20844		23540		0
159	542.0		0.052	88.7		20887		23534		0
160	541.0		0.051	88.9		20919		23508		0
161	540.0		0.050	89.1		20917		23464		0
162	539.0		0.049	89.3		20902		23394		0
163	538.0		0.048	89.5		20856		23306		0
164	537.0		0.048	89.6		20804		23195		0
165	536.0		0.047	89.7		20723		23079		0
166	535.0		0.046	89.8		20640		22954		0
167	534.0		0.046	90.0		20542		22820		0
168	533.0		0.046	90.0		20436		22673		0
169	532.0		0.045	90.1		20316		22513		0
170	531.0		0.045	90.2		20188		22362		0
171	530.0		0.045	90.3		20064		22205		0
172	529.0		0.044	90.3		19938		22054		0
173	528.0		0.044	90.3		19811		21908		0
174	527.0		0.044	90.3		19690		21768		0
175	526.0		0.044	90.4		19553		21611		0
176	525.0		0.044	90.3		19412		21462		0
177	524.0		0.044	90.3		19269		21308		0
178	523.0		0.044	90.3		19114		21158		0
179	522.0		0.045	90.2		18967		21000		0
180	521.0		0.045	90.2		18815		20850		0
181	520.0		0.045	90.1		18660		20707		0
182	519.0		0.046	90.0		18506		20559		0
183	518.0		0.046	89.9		18349		20402		0
184	517.0		0.047	89.7		18182		20257		0
185	516.0		0.048	89.6		18020		20109		0
186	515.0		0.048	89.4		17871		19971		0
187	514.0		0.049	89.3		17715		19826		0
188	513.0		0.050	89.1		17552		19674		0
189	512.0		0.051	88.9		17383		19536		0
190	511.0		0.052	88.7		17225		19401		0
191	510.0		0.053	88.5		17075		19269		0
192	509.0		0.054	88.2		16915		19148		0
193	508.0		0.056	88.0		16762		19031		0
194	507.0		0.057	87.7		16589		18894		0
195	506.0		0.058	87.4		16416		18759		0
196	505.0		0.060	87.1		16243		18629		0
197	504.0		0.062	86.8		16072		18501		0
198	503.0		0.063	86.5		15903		18376		0
199	502.0		0.065	86.1		15744		18257		0
200	501.0		0.066	85.8		15574		18141		0
201	500.0		0.068	85.5		15419		18029		0
202	499.0		0.070	85.1		15267		17915		0
203	498.0		0.072	84.7		30521		35986		0
204	497.0		0.074	84.4		14938		17691		0
205	496.0		0.076	83.9		29843		35519		0
206	495.0		0.078	83.5		29478		35269		0
207	494.0		0.081	83.1		29107		35006		0
208	493.0		0.083	82.6		28727		34761		0
209	492.0		0.085	82.2		28377		34524		0
210	491.0		0.088	81.7		28048		34294		0
211	490.0		0.090	81.3		27728		34084		0
212	489.0		0.092	80.8		27394		33871		0
213	488.0		0.095	80.4		27081		33657		0
214	487.0		0.097	80.0		26763		33438		0
215	486.0		0.100	79.5		26439		33235		0
216	485.0		0.102	79.0		26132		33019		0
217	484.0		0.105	78.5		25783		32787		0
218	483.0		0.108	78.1		25435		32542		0
219	482.0		0.110	77.5		25065		32293		0
220	481.0		0.113	77.1		24729		32064		0
221	480.0		0.116	76.6		24420		31861		0
222	479.0		0.118	76.2		24127		31654		0
223	478.0		0.121	75.7		23824		31440		0
224	477.0		0.123	75.3		23525		31214		0
225	476.0		0.126	74.9		23227		30997		0
226	475.0		0.128	74.5		22925		30765		0
227	474.0		0.130	74.1		22634		30534		0
228	473.0		0.133	73.6		22330		30289		0
229	472.0		0.135	73.2		22024		30038		0
230	471.0		0.138	72.8		21710		29788		0
231	470.0		0.140	72.5		21393		29518		0
232	469.0		0.142	72.1		21102		29246		0
233	468.0		0.144	71.8		20814		28996		0
234	467.0		0.146	71.4		20541		28728		0
235	466.0		0.148	71.1		20258		28464		0
236	465.0		0.150	70.8		19976		28186		0
237	464.0		0.151	70.6		19693		27888		0
238	463.0		0.153	70.3		19398		27582		0
239	462.0		0.155	70.0		19104		27263		0
240	461.0		0.156	69.8		18816		26953		0
241	460.0		0.158	69.6		18524		26606		0
242	459.0		0.159	69.4		18209		26226		0
243	458.0		0.160	69.2		17882		25846		0
244	457.0		0.161	69.0		17569		25460		0
245	456.0		0.162	68.8		17270		25079		0
246	455.0		0.163	68.6		16967		24694		0
247	454.0		0.164	68.5		16664		24320		0
248	453.0		0.165	68.4		16357		23917		0
249	452.0		0.166	68.2		16052		23502		0
250	451.0		0.167	68.1		15758		23110		0
251	450.0		0.167	68.0		15460		22729		0
252	449.0		0.168	67.9		15186		22338		0
253	448.0		0.168	67.9		14897		21938		0
254	447.0		0.169	67.8		14603		21525		0
255	446.0		0.170	67.7		14302		21119		0
256	445.0		0.170	67.6		14011		20723		0
257	444.0		0.171	67.5		13758		20378		0
258	443.0		0.171	67.4		13510		20026		0
259	442.0		0.172	67.3		13283		19719		0
260	441.0		0.172	67.2		13080		19441		0
261	440.0		0.173	67.2		12877		19150		0
262	439.0		0.173	67.1		12689		18899		0
263	438.0		0.174	67.0		12510		18657		0
264	437.0		0.175	66.9		12336		18430		0
265	436.0		0.175	66.8		12154		18179		0
266	435.0		0.176	66.6		11963		17926		0
267	434.0		0.177	66.5		23925		35921		0
268	433.0		0.178	66.4		23534		35402		0
269	432.0		0.179	66.2		23109		34861		0
270	431.0		0.180	66.1		22715		34337		0
271	430.0		0.180	66.1		22303		33808		0
272	429.0		0.180	66.1		22656		34178		0
273	428.0		0.180	66.0		22697		34317		0
274	427.0		0.181	65.9		22718		34442		0
275	426.0		0.182	65.7		22722		34546		0
276	425.0		0.184	65.5		22708		34635		0
277	424.0		0.185	65.3		22683		34699		0
278	423.0		0.186	65.1		22632		34741		0
279	422.0		0.188	64.9		22561		34746		0
280	421.0		0.189	64.7		22474		34729		0
281	420.0		0.191	64.5		22382		34685		0
282	419.0		0.192	64.3		22270		34623		0
283	418.0		0.193	64.1		22146		34530		0
284	417.0		0.195	63.9		22009		34408		0
285	416.0		0.196	63.7		21848		34263		0
286	415.0		0.197	63.5		21688		34100		0
287	414.0		0.198	63.4		21514		33916		0
288	413.0		0.199	63.2		21326		33709		0
289	412.0		0.200	63.0		21129		33481		0
290	411.0		0.201	62.9		20912		33227		0
291	410.0		0.202	62.8		20696		32955		0
292	409.0		0.203	62.6		20478		32664		0
293	408.0		0.204	62.5		20265		32394		0
294	407.0		0.205	62.4		20050		32102		0
295	406.0		0.205	62.3		19829		31798		0
296	405.0		0.206	62.2		19602		31478		0
297	404.0		0.207	62.2		19371		31146		0
298	403.0		0.207	62.1		19133		30789		0
299	402.0		0.207	62.0		18895		30450		0
300	401.0		0.208	62.0		18654		30072		0
301	400.0		0.208	62.0		18405		29702		0
