23MS240.wls
Scan Wavelength: 400.0 nm - 700.0 nm  Test Mode: Abs Mode  Test Time:24-09-2024 15:07:36
Peak/Valley Data Record
No.	Wavelength(nm)	Abs	Trans(%T)	Energy	Energy(100%T)	Energy(0%T)
No Peak/Valley Data.
Wavelength Scan Data Record
No.	Wavelength(nm)	Abs	Trans(%T)	Energy	Energy(100%T)	Energy(0%T)
1	700.0		0.047	89.7		32465		34483		0
2	699.0		0.049	89.3		32296		35138		0
3	698.0		0.051	88.9		32086		35743		0
4	697.0		0.054	88.2		31833		36097		0
5	696.0		0.057	87.7		31598		35999		0
6	695.0		0.060	87.2		31336		35891		0
7	694.0		0.062	86.7		31054		35770		0
8	693.0		0.064	86.2		30766		35627		0
9	692.0		0.067	85.7		30450		35487		0
10	691.0		0.070	85.2		30142		35345		0
11	690.0		0.072	84.7		29835		35204		0
12	689.0		0.075	84.1		29549		35065		0
13	688.0		0.078	83.6		29216		34901		0
14	687.0		0.081	83.0		28877		34717		0
15	686.0		0.084	82.4		28496		34530		0
16	685.0		0.087	81.8		28150		34350		0
17	684.0		0.090	81.2		27770		34156		0
18	683.0		0.093	80.7		27418		33955		0
19	682.0		0.097	80.1		27067		33764		0
20	681.0		0.100	79.5		26719		33564		0
21	680.0		0.103	78.9		26367		33383		0
22	679.0		0.106	78.3		26032		33217		0
23	678.0		0.110	77.7		25708		33049		0
24	677.0		0.113	77.0		25371		32885		0
25	676.0		0.117	76.4		25028		32715		0
26	675.0		0.121	75.7		24683		32540		0
27	674.0		0.125	75.0		24318		32370		0
28	673.0		0.129	74.4		23971		32204		0
29	672.0		0.133	73.7		23654		32055		0
30	671.0		0.136	73.1		23358		31934		0
31	670.0		0.140	72.4		23080		31833		0
32	669.0		0.144	71.8		22808		31748		0
33	668.0		0.148	71.1		22533		31669		0
34	667.0		0.152	70.5		22280		31599		0
35	666.0		0.156	69.8		22037		31529		0
36	665.0		0.160	69.2		21798		31465		0
37	664.0		0.164	68.5		21551		31417		0
38	663.0		0.169	67.8		21281		31358		0
39	662.0		0.173	67.1		21034		31309		0
40	661.0		0.178	66.4		20809		31291		0
41	660.0		0.182	65.8		20608		31302		0
42	659.0		0.186	65.2		20438		31328		0
43	658.0		0.190	64.5		20263		31351		0
44	657.0		0.194	63.9		20080		31379		0
45	656.0		0.199	63.3		19898		31416		0
46	655.0		0.203	62.7		19735		31460		0
47	654.0		0.207	62.1		19580		31509		0
48	653.0		0.211	61.5		19423		31574		0
49	652.0		0.216	60.9		19269		31630		0
50	651.0		0.220	60.2		19123		31708		0
51	650.0		0.224	59.7		18992		31810		0
52	649.0		0.229	59.1		18880		31931		0
53	648.0		0.233	58.5		18778		32049		0
54	647.0		0.237	58.0		18687		32182		0
55	646.0		0.240	57.5		18600		32303		0
56	645.0		0.244	57.0		18514		32448		0
57	644.0		0.248	56.5		18433		32591		0
58	643.0		0.252	56.0		18359		32745		0
59	642.0		0.255	55.6		18299		32889		0
60	641.0		0.259	55.1		18242		33068		0
61	640.0		0.262	54.7		18202		33260		0
62	639.0		0.266	54.3		18172		33468		0
63	638.0		0.269	53.8		18150		33683		0
64	637.0		0.272	53.5		18140		33913		0
65	636.0		0.275	53.1		18135		34143		0
66	635.0		0.278	52.7		18135		34360		0
67	634.0		0.280	52.4		18143		34574		0
68	633.0		0.283	52.1		18148		34798		0
69	632.0		0.285	51.8		18167		35033		0
70	631.0		0.288	51.6		18197		35270		0
71	630.0		0.290	51.3		18243		35530		0
72	629.0		0.292	51.1		18297		35772		0
73	628.0		0.293	50.9		18361		36054		0
74	627.0		0.295	50.7		18434		36336		0
75	626.0		0.297	50.5		18521		36640		0
76	625.0		0.298	50.4		18612		36938		0
77	624.0		0.299	50.2		18713		37220		0
78	623.0		0.300	50.1		18815		37501		0
79	622.0		0.301	50.0		18932		37801		0
80	621.0		0.301	50.0		19060		38104		0
81	620.0		0.301	50.0		19208		38414		0
82	619.0		0.302	49.9		19367		38740		0
83	618.0		0.302	49.9		19528		39086		0
84	617.0		0.301	50.0		19702		39411		0
85	616.0		0.301	50.0		19885		39752		0
86	615.0		0.300	50.1		20105		40119		0
87	614.0		0.299	50.2		20332		40508		0
88	613.0		0.298	50.3		20554		40859		0
89	612.0		0.297	50.4		20786		41206		0
90	611.0		0.296	50.6		21010		41540		0
91	610.0		0.295	50.8		21254		41865		0
92	609.0		0.293	50.9		21507		42189		0
93	608.0		0.291	51.2		21756		42486		0
94	607.0		0.289	51.4		21974		42752		0
95	606.0		0.287	51.6		22203		42984		0
96	605.0		0.285	51.9		22413		43157		0
97	604.0		0.282	52.2		22606		43267		0
98	603.0		0.280	52.5		22758		43300		0
99	602.0		0.277	52.9		22880		43248		0
100	601.0		0.274	53.2		22968		43112		0
101	600.0		0.271	53.6		23016		42914		0
102	599.0		0.268	54.0		23015		42613		0
103	598.0		0.265	54.4		22966		42208		0
104	597.0		0.261	54.8		22862		41701		0
105	596.0		0.258	55.2		22695		41064		0
106	595.0		0.255	55.6		22479		40363		0
107	594.0		0.251	56.1		22232		39579		0
108	593.0		0.247	56.6		21930		38710		0
109	592.0		0.243	57.1		21592		37779		0
110	591.0		0.239	57.6		21215		36801		0
111	590.0		0.235	58.2		20828		35762		0
112	589.0		0.231	58.7		20474		34794		0
113	588.0		0.227	59.3		20122		33877		0
114	587.0		0.223	59.9		19783		33015		0
115	586.0		0.219	60.4		19464		32198		0
116	585.0		0.215	61.0		19152		31365		0
117	584.0		0.210	61.6		18871		30584		0
118	583.0		0.206	62.2		18611		29878		0
119	582.0		0.202	62.8		18383		29243		0
120	581.0		0.198	63.4		18200		28676		0
121	580.0		0.193	64.1		18051		28161		0
122	579.0		0.189	64.7		17936		27692		0
123	578.0		0.185	65.4		17873		27302		0
124	577.0		0.180	66.0		17850		27002		0
125	576.0		0.176	66.7		17878		26785		0
126	575.0		0.172	67.3		17952		26652		0
127	574.0		0.168	67.9		18070		26592		0
128	573.0		0.164	68.5		18267		26626		0
129	572.0		0.160	69.2		18530		26778		0
130	571.0		0.156	69.8		18908		27060		0
131	570.0		0.152	70.4		19412		27560		0
132	569.0		0.149	71.0		20193		28408		0
133	568.0		0.145	71.7		21239		29603		0
134	567.0		0.141	72.3		22195		30716		0
135	566.0		0.137	72.9		22994		31472		0
136	565.0		0.133	73.6		23613		32072		0
137	564.0		0.130	74.2		24140		32523		0
138	563.0		0.126	74.7		24566		32831		0
139	562.0		0.123	75.3		24884		33013		0
140	561.0		0.120	75.9		25100		33061		0
141	560.0		0.117	76.4		25208		32962		0
142	559.0		0.114	76.9		25195		32716		0
143	558.0		0.111	77.4		25050		32330		0
144	557.0		0.108	77.9		24778		31772		0
145	556.0		0.105	78.4		24389		31071		0
146	555.0		0.103	78.9		23871		30220		0
147	554.0		0.100	79.4		23257		29290		0
148	553.0		0.097	79.9		22591		28233		0
149	552.0		0.095	80.3		21936		27244		0
150	551.0		0.093	80.8		21264		26294		0
151	550.0		0.091	81.1		20612		25370		0
152	549.0		0.089	81.5		21620		26512		0
153	548.0		0.087	81.8		21238		25928		0
154	547.0		0.085	82.2		20861		25354		0
155	546.0		0.084	82.5		20483		24822		0
156	545.0		0.082	82.8		20116		24261		0
157	544.0		0.080	83.1		19773		23772		0
158	543.0		0.079	83.4		19649		23540		0
159	542.0		0.078	83.6		19698		23534		0
160	541.0		0.076	83.9		19738		23508		0
161	540.0		0.075	84.1		19750		23464		0
162	539.0		0.074	84.3		19740		23394		0
163	538.0		0.073	84.5		19704		23306		0
164	537.0		0.072	84.7		19656		23195		0
165	536.0		0.072	84.8		19582		23079		0
166	535.0		0.071	84.9		19507		22954		0
167	534.0		0.071	85.0		19416		22820		0
168	533.0		0.070	85.1		19316		22673		0
169	532.0		0.070	85.2		19198		22513		0
170	531.0		0.069	85.2		19075		22362		0
171	530.0		0.069	85.3		18955		22205		0
172	529.0		0.069	85.3		18834		22054		0
173	528.0		0.069	85.3		18710		21908		0
174	527.0		0.069	85.3		18582		21768		0
175	526.0		0.069	85.3		18448		21611		0
176	525.0		0.069	85.2		18304		21462		0
177	524.0		0.070	85.1		18161		21308		0
178	523.0		0.070	85.1		18010		21158		0
179	522.0		0.071	85.0		17859		21000		0
180	521.0		0.071	84.8		17702		20850		0
181	520.0		0.072	84.7		17550		20707		0
182	519.0		0.073	84.6		17396		20559		0
183	518.0		0.074	84.4		17232		20402		0
184	517.0		0.075	84.2		17062		20257		0
185	516.0		0.076	84.0		16899		20109		0
186	515.0		0.077	83.8		16740		19971		0
187	514.0		0.078	83.5		16573		19826		0
188	513.0		0.079	83.3		16400		19674		0
189	512.0		0.081	83.0		16225		19536		0
190	511.0		0.082	82.7		16066		19401		0
191	510.0		0.084	82.4		15899		19269		0
192	509.0		0.086	82.1		15737		19148		0
193	508.0		0.088	81.7		15570		19031		0
194	507.0		0.090	81.4		15391		18894		0
195	506.0		0.092	81.0		15206		18759		0
196	505.0		0.094	80.6		15026		18629		0
197	504.0		0.096	80.2		14843		18501		0
198	503.0		0.098	79.7		14670		18376		0
199	502.0		0.101	79.3		14496		18257		0
200	501.0		0.103	78.9		14319		18141		0
201	500.0		0.106	78.4		14153		18029		0
202	499.0		0.108	78.0		13984		17915		0
203	498.0		0.111	77.5		27917		35986		0
204	497.0		0.114	77.0		13637		17691		0
205	496.0		0.117	76.5		27194		35519		0
206	495.0		0.120	75.9		26811		35269		0
207	494.0		0.123	75.3		26393		35006		0
208	493.0		0.126	74.8		26009		34761		0
209	492.0		0.130	74.2		25621		34524		0
210	491.0		0.133	73.6		25269		34294		0
211	490.0		0.136	73.1		24920		34084		0
212	489.0		0.140	72.5		24582		33871		0
213	488.0		0.143	71.9		24233		33657		0
214	487.0		0.147	71.4		23879		33438		0
215	486.0		0.150	70.8		23538		33235		0
216	485.0		0.154	70.2		23191		33019		0
217	484.0		0.158	69.6		22838		32787		0
218	483.0		0.162	68.9		22453		32542		0
219	482.0		0.166	68.3		22071		32293		0
220	481.0		0.169	67.7		21717		32064		0
221	480.0		0.173	67.1		21398		31861		0
222	479.0		0.177	66.6		21077		31654		0
223	478.0		0.180	66.0		20774		31440		0
224	477.0		0.184	65.5		20454		31214		0
225	476.0		0.187	65.0		20144		30997		0
226	475.0		0.191	64.4		19838		30765		0
227	474.0		0.194	63.9		19534		30534		0
228	473.0		0.198	63.4		19231		30289		0
229	472.0		0.201	63.0		18925		30038		0
230	471.0		0.204	62.5		18618		29788		0
231	470.0		0.208	62.0		18299		29518		0
232	469.0		0.211	61.6		18010		29246		0
233	468.0		0.214	61.1		17739		28996		0
234	467.0		0.216	60.8		17467		28728		0
235	466.0		0.219	60.4		17201		28464		0
236	465.0		0.221	60.1		16941		28186		0
237	464.0		0.224	59.7		16663		27888		0
238	463.0		0.226	59.4		16397		27582		0
239	462.0		0.228	59.1		16122		27263		0
240	461.0		0.230	58.9		15865		26953		0
241	460.0		0.232	58.6		15588		26606		0
242	459.0		0.234	58.4		15322		26226		0
243	458.0		0.236	58.1		15026		25846		0
244	457.0		0.237	57.9		14758		25460		0
245	456.0		0.239	57.7		14488		25079		0
246	455.0		0.240	57.6		14220		24694		0
247	454.0		0.241	57.4		13969		24320		0
248	453.0		0.242	57.3		13704		23917		0
249	452.0		0.243	57.2		13447		23502		0
250	451.0		0.244	57.0		13185		23110		0
251	450.0		0.245	56.9		12946		22729		0
252	449.0		0.245	56.9		12703		22338		0
253	448.0		0.246	56.8		12463		21938		0
254	447.0		0.247	56.7		12201		21525		0
255	446.0		0.247	56.6		11955		21119		0
256	445.0		0.248	56.5		11720		20723		0
257	444.0		0.248	56.4		11511		20378		0
258	443.0		0.249	56.4		11293		20026		0
259	442.0		0.250	56.3		11107		19719		0
260	441.0		0.250	56.2		10932		19441		0
261	440.0		0.251	56.1		10760		19150		0
262	439.0		0.251	56.0		10600		18899		0
263	438.0		0.252	56.0		10451		18657		0
264	437.0		0.253	55.9		10298		18430		0
265	436.0		0.254	55.7		10146		18179		0
266	435.0		0.255	55.6		9974		17926		0
267	434.0		0.256	55.5		19941		35921		0
268	433.0		0.257	55.3		19602		35402		0
269	432.0		0.258	55.2		19245		34861		0
270	431.0		0.259	55.1		18902		34337		0
271	430.0		0.259	55.0		18555		33808		0
272	429.0		0.259	55.1		18903		34178		0
273	428.0		0.259	55.0		18920		34317		0
274	427.0		0.260	54.9		18921		34442		0
275	426.0		0.262	54.7		18904		34546		0
276	425.0		0.264	54.5		18881		34635		0
277	424.0		0.266	54.3		18838		34699		0
278	423.0		0.267	54.0		18778		34741		0
279	422.0		0.269	53.8		18695		34746		0
280	421.0		0.271	53.5		18595		34729		0
281	420.0		0.273	53.3		18499		34685		0
282	419.0		0.275	53.1		18385		34623		0
283	418.0		0.277	52.9		18262		34530		0
284	417.0		0.279	52.7		18128		34408		0
285	416.0		0.280	52.4		17976		34263		0
286	415.0		0.282	52.2		17820		34100		0
287	414.0		0.284	52.0		17660		33916		0
288	413.0		0.285	51.9		17497		33709		0
289	412.0		0.287	51.7		17317		33481		0
290	411.0		0.288	51.5		17129		33227		0
291	410.0		0.289	51.4		16936		32955		0
292	409.0		0.291	51.2		16746		32664		0
293	408.0		0.292	51.1		16558		32394		0
294	407.0		0.293	51.0		16374		32102		0
295	406.0		0.293	50.9		16189		31798		0
296	405.0		0.294	50.8		15994		31478		0
297	404.0		0.295	50.7		15793		31146		0
298	403.0		0.295	50.6		15588		30789		0
299	402.0		0.296	50.6		15400		30450		0
300	401.0		0.296	50.5		15194		30072		0
301	400.0		0.297	50.5		14997		29702		0
