23MS248.wls
Scan Wavelength: 400.0 nm - 700.0 nm  Test Mode: Abs Mode  Test Time:24-09-2024 15:21:47
Peak/Valley Data Record
No.	Wavelength(nm)	Abs	Trans(%T)	Energy	Energy(100%T)	Energy(0%T)
No Peak/Valley Data.
Wavelength Scan Data Record
No.	Wavelength(nm)	Abs	Trans(%T)	Energy	Energy(100%T)	Energy(0%T)
1	700.0		0.027	94.0		33960		34483		0
2	699.0		0.028	93.7		33860		35138		0
3	698.0		0.030	93.4		33718		35743		0
4	697.0		0.032	93.0		33565		36097		0
5	696.0		0.033	92.7		33392		35999		0
6	695.0		0.034	92.4		33218		35891		0
7	694.0		0.036	92.1		33013		35770		0
8	693.0		0.037	91.9		32798		35627		0
9	692.0		0.038	91.6		32559		35487		0
10	691.0		0.039	91.4		32337		35345		0
11	690.0		0.041	91.1		32108		35204		0
12	689.0		0.042	90.8		31888		35065		0
13	688.0		0.043	90.5		31638		34901		0
14	687.0		0.045	90.2		31379		34717		0
15	686.0		0.046	89.9		31084		34530		0
16	685.0		0.048	89.6		30806		34350		0
17	684.0		0.049	89.3		30528		34156		0
18	683.0		0.051	88.9		30227		33955		0
19	682.0		0.053	88.6		29943		33764		0
20	681.0		0.054	88.3		29664		33564		0
21	680.0		0.056	87.9		29394		33383		0
22	679.0		0.058	87.6		29133		33217		0
23	678.0		0.059	87.2		28861		33049		0
24	677.0		0.061	86.9		28606		32885		0
25	676.0		0.063	86.5		28342		32715		0
26	675.0		0.065	86.1		28056		32540		0
27	674.0		0.067	85.7		27767		32370		0
28	673.0		0.069	85.3		27500		32204		0
29	672.0		0.071	84.9		27262		32055		0
30	671.0		0.073	84.5		27030		31934		0
31	670.0		0.075	84.2		26833		31833		0
32	669.0		0.077	83.8		26642		31748		0
33	668.0		0.079	83.4		26443		31669		0
34	667.0		0.081	83.0		26252		31599		0
35	666.0		0.083	82.6		26071		31529		0
36	665.0		0.085	82.2		25905		31465		0
37	664.0		0.087	81.8		25736		31417		0
38	663.0		0.089	81.4		25550		31358		0
39	662.0		0.092	81.0		25374		31309		0
40	661.0		0.094	80.5		25225		31291		0
41	660.0		0.096	80.1		25105		31302		0
42	659.0		0.098	79.7		25001		31328		0
43	658.0		0.100	79.4		24907		31351		0
44	657.0		0.103	79.0		24812		31379		0
45	656.0		0.105	78.6		24720		31416		0
46	655.0		0.107	78.2		24637		31460		0
47	654.0		0.109	77.8		24558		31509		0
48	653.0		0.111	77.4		24476		31574		0
49	652.0		0.113	77.1		24394		31630		0
50	651.0		0.115	76.7		24330		31708		0
51	650.0		0.118	76.3		24293		31810		0
52	649.0		0.120	75.9		24269		31931		0
53	648.0		0.122	75.6		24250		32049		0
54	647.0		0.124	75.2		24230		32182		0
55	646.0		0.126	74.9		24218		32303		0
56	645.0		0.128	74.5		24214		32448		0
57	644.0		0.129	74.2		24224		32591		0
58	643.0		0.131	73.9		24232		32745		0
59	642.0		0.133	73.6		24244		32889		0
60	641.0		0.135	73.3		24273		33068		0
61	640.0		0.136	73.0		24317		33260		0
62	639.0		0.138	72.8		24370		33468		0
63	638.0		0.140	72.5		24442		33683		0
64	637.0		0.141	72.2		24516		33913		0
65	636.0		0.143	72.0		24596		34143		0
66	635.0		0.144	71.8		24671		34360		0
67	634.0		0.145	71.5		24757		34574		0
68	633.0		0.147	71.3		24844		34798		0
69	632.0		0.148	71.1		24936		35033		0
70	631.0		0.149	71.0		25053		35270		0
71	630.0		0.150	70.8		25170		35530		0
72	629.0		0.151	70.6		25299		35772		0
73	628.0		0.152	70.5		25452		36054		0
74	627.0		0.153	70.4		25598		36336		0
75	626.0		0.153	70.3		25764		36640		0
76	625.0		0.154	70.2		25940		36938		0
77	624.0		0.154	70.1		26113		37220		0
78	623.0		0.155	70.0		26281		37501		0
79	622.0		0.155	69.9		26462		37801		0
80	621.0		0.155	69.9		26665		38104		0
81	620.0		0.156	69.9		26892		38414		0
82	619.0		0.156	69.9		27112		38740		0
83	618.0		0.156	69.9		27344		39086		0
84	617.0		0.155	69.9		27584		39411		0
85	616.0		0.155	69.9		27844		39752		0
86	615.0		0.155	70.0		28114		40119		0
87	614.0		0.155	70.1		28404		40508		0
88	613.0		0.154	70.1		28679		40859		0
89	612.0		0.153	70.2		28962		41206		0
90	611.0		0.153	70.3		29236		41540		0
91	610.0		0.152	70.5		29520		41865		0
92	609.0		0.151	70.6		29797		42189		0
93	608.0		0.150	70.7		30084		42486		0
94	607.0		0.149	70.9		30335		42752		0
95	606.0		0.148	71.1		30564		42984		0
96	605.0		0.147	71.2		30768		43157		0
97	604.0		0.146	71.4		30937		43267		0
98	603.0		0.145	71.7		31054		43300		0
99	602.0		0.143	71.9		31118		43248		0
100	601.0		0.142	72.1		31124		43112		0
101	600.0		0.140	72.4		31074		42914		0
102	599.0		0.139	72.6		30980		42613		0
103	598.0		0.137	72.9		30803		42208		0
104	597.0		0.136	73.2		30540		41701		0
105	596.0		0.134	73.5		30199		41064		0
106	595.0		0.132	73.7		29798		40363		0
107	594.0		0.130	74.0		29343		39579		0
108	593.0		0.129	74.4		28808		38710		0
109	592.0		0.127	74.7		28243		37779		0
110	591.0		0.125	75.1		27624		36801		0
111	590.0		0.122	75.4		27027		35762		0
112	589.0		0.120	75.8		26412		34794		0
113	588.0		0.118	76.2		25838		33877		0
114	587.0		0.116	76.5		25280		33015		0
115	586.0		0.114	76.9		24763		32198		0
116	585.0		0.112	77.3		24253		31365		0
117	584.0		0.110	77.7		23790		30584		0
118	583.0		0.108	78.0		23341		29878		0
119	582.0		0.106	78.4		22957		29243		0
120	581.0		0.103	78.8		22614		28676		0
121	580.0		0.101	79.2		22323		28161		0
122	579.0		0.099	79.6		22072		27692		0
123	578.0		0.097	80.0		21875		27302		0
124	577.0		0.095	80.4		21737		27002		0
125	576.0		0.092	80.8		21681		26785		0
126	575.0		0.090	81.2		21670		26652		0
127	574.0		0.088	81.6		21725		26592		0
128	573.0		0.086	82.0		21861		26626		0
129	572.0		0.084	82.4		22092		26778		0
130	571.0		0.082	82.7		22414		27060		0
131	570.0		0.080	83.1		22923		27560		0
132	569.0		0.078	83.5		23760		28408		0
133	568.0		0.076	83.9		24870		29603		0
134	567.0		0.074	84.3		25899		30716		0
135	566.0		0.072	84.7		26696		31472		0
136	565.0		0.070	85.0		27316		32072		0
137	564.0		0.069	85.4		27792		32523		0
138	563.0		0.067	85.7		28171		32831		0
139	562.0		0.065	86.1		28447		33013		0
140	561.0		0.063	86.4		28596		33061		0
141	560.0		0.062	86.7		28618		32962		0
142	559.0		0.060	87.0		28511		32716		0
143	558.0		0.059	87.3		28244		32330		0
144	557.0		0.057	87.6		27860		31772		0
145	556.0		0.056	87.9		27330		31071		0
146	555.0		0.055	88.2		26697		30220		0
147	554.0		0.053	88.5		25918		29290		0
148	553.0		0.052	88.8		25095		28233		0
149	552.0		0.051	89.0		24274		27244		0
150	551.0		0.049	89.2		23484		26294		0
151	550.0		0.048	89.4		22704		25370		0
152	549.0		0.048	89.6		23767		26512		0
153	548.0		0.047	89.8		23313		25928		0
154	547.0		0.046	90.0		22847		25354		0
155	546.0		0.045	90.2		22401		24822		0
156	545.0		0.044	90.4		21940		24261		0
157	544.0		0.043	90.5		21539		23772		0
158	543.0		0.042	90.7		21369		23540		0
159	542.0		0.042	90.9		21402		23534		0
160	541.0		0.041	91.0		21422		23508		0
161	540.0		0.040	91.2		21406		23464		0
162	539.0		0.040	91.3		21371		23394		0
163	538.0		0.039	91.4		21316		23306		0
164	537.0		0.039	91.5		21236		23195		0
165	536.0		0.038	91.6		21145		23079		0
166	535.0		0.038	91.6		21047		22954		0
167	534.0		0.038	91.7		20938		22820		0
168	533.0		0.038	91.7		20817		22673		0
169	532.0		0.037	91.8		20683		22513		0
170	531.0		0.037	91.8		20538		22362		0
171	530.0		0.037	91.8		20405		22205		0
172	529.0		0.037	91.8		20276		22054		0
173	528.0		0.037	91.9		20144		21908		0
174	527.0		0.037	91.9		20007		21768		0
175	526.0		0.037	91.8		19865		21611		0
176	525.0		0.037	91.8		19724		21462		0
177	524.0		0.037	91.8		19577		21308		0
178	523.0		0.037	91.7		19425		21158		0
179	522.0		0.038	91.7		19270		21000		0
180	521.0		0.038	91.6		19122		20850		0
181	520.0		0.038	91.5		18974		20707		0
182	519.0		0.039	91.5		18818		20559		0
183	518.0		0.039	91.4		18658		20402		0
184	517.0		0.040	91.3		18496		20257		0
185	516.0		0.040	91.1		18344		20109		0
186	515.0		0.041	91.0		18189		19971		0
187	514.0		0.042	90.9		18033		19826		0
188	513.0		0.042	90.7		17875		19674		0
189	512.0		0.043	90.6		17713		19536		0
190	511.0		0.044	90.4		17556		19401		0
191	510.0		0.045	90.2		17408		19269		0
192	509.0		0.045	90.1		17269		19148		0
193	508.0		0.046	89.9		17124		19031		0
194	507.0		0.047	89.7		16954		18894		0
195	506.0		0.048	89.4		16797		18759		0
196	505.0		0.050	89.2		16634		18629		0
197	504.0		0.051	89.0		16482		18501		0
198	503.0		0.052	88.7		16326		18376		0
199	502.0		0.053	88.5		16176		18257		0
200	501.0		0.054	88.2		16028		18141		0
201	500.0		0.056	88.0		15872		18029		0
202	499.0		0.057	87.7		15731		17915		0
203	498.0		0.058	87.4		31502		35986		0
204	497.0		0.060	87.2		15440		17691		0
205	496.0		0.061	86.8		30886		35519		0
206	495.0		0.063	86.5		30554		35269		0
207	494.0		0.065	86.2		30217		35006		0
208	493.0		0.066	85.8		29864		34761		0
209	492.0		0.068	85.5		29536		34524		0
210	491.0		0.070	85.2		29242		34294		0
211	490.0		0.071	84.9		28959		34084		0
212	489.0		0.073	84.5		28663		33871		0
213	488.0		0.075	84.2		28358		33657		0
214	487.0		0.076	83.9		28066		33438		0
215	486.0		0.078	83.5		27778		33235		0
216	485.0		0.080	83.2		27483		33019		0
217	484.0		0.082	82.8		27173		32787		0
218	483.0		0.084	82.4		26843		32542		0
219	482.0		0.086	82.0		26516		32293		0
220	481.0		0.088	81.7		26202		32064		0
221	480.0		0.090	81.3		25911		31861		0
222	479.0		0.092	81.0		25648		31654		0
223	478.0		0.093	80.6		25372		31440		0
224	477.0		0.095	80.3		25100		31214		0
225	476.0		0.097	80.0		24808		30997		0
226	475.0		0.099	79.7		24529		30765		0
227	474.0		0.100	79.3		24250		30534		0
228	473.0		0.102	79.0		23960		30289		0
229	472.0		0.104	78.7		23666		30038		0
230	471.0		0.106	78.4		23374		29788		0
231	470.0		0.107	78.1		23068		29518		0
232	469.0		0.109	77.8		22785		29246		0
233	468.0		0.110	77.6		22501		28996		0
234	467.0		0.112	77.3		22244		28728		0
235	466.0		0.113	77.1		21966		28464		0
236	465.0		0.114	76.9		21678		28186		0
237	464.0		0.115	76.7		21388		27888		0
238	463.0		0.117	76.5		21105		27582		0
239	462.0		0.118	76.3		20815		27263		0
240	461.0		0.119	76.1		20506		26953		0
241	460.0		0.120	75.9		20210		26606		0
242	459.0		0.121	75.8		19890		26226		0
243	458.0		0.121	75.6		19569		25846		0
244	457.0		0.122	75.5		19237		25460		0
245	456.0		0.123	75.3		18915		25079		0
246	455.0		0.124	75.2		18604		24694		0
247	454.0		0.124	75.1		18284		24320		0
248	453.0		0.125	75.0		17963		23917		0
249	452.0		0.125	75.0		17637		23502		0
250	451.0		0.126	74.9		17316		23110		0
251	450.0		0.126	74.8		17005		22729		0
252	449.0		0.126	74.7		16695		22338		0
253	448.0		0.127	74.7		16386		21938		0
254	447.0		0.127	74.6		16069		21525		0
255	446.0		0.127	74.6		15744		21119		0
256	445.0		0.128	74.5		15456		20723		0
257	444.0		0.128	74.5		15180		20378		0
258	443.0		0.128	74.4		14917		20026		0
259	442.0		0.129	74.4		14676		19719		0
260	441.0		0.129	74.3		14448		19441		0
261	440.0		0.129	74.3		14242		19150		0
262	439.0		0.130	74.2		14033		18899		0
263	438.0		0.130	74.1		13844		18657		0
264	437.0		0.130	74.0		13662		18430		0
265	436.0		0.131	74.0		13462		18179		0
266	435.0		0.131	73.9		13265		17926		0
267	434.0		0.132	73.8		26530		35921		0
268	433.0		0.133	73.7		26094		35402		0
269	432.0		0.133	73.6		25675		34861		0
270	431.0		0.134	73.5		25251		34337		0
271	430.0		0.134	73.4		24814		33808		0
272	429.0		0.134	73.5		25171		34178		0
273	428.0		0.134	73.4		25233		34317		0
274	427.0		0.135	73.3		25284		34442		0
275	426.0		0.136	73.2		25308		34546		0
276	425.0		0.137	73.0		25316		34635		0
277	424.0		0.138	72.9		25307		34699		0
278	423.0		0.139	72.7		25279		34741		0
279	422.0		0.139	72.5		25226		34746		0
280	421.0		0.140	72.4		25157		34729		0
281	420.0		0.141	72.2		25083		34685		0
282	419.0		0.142	72.1		24978		34623		0
283	418.0		0.143	71.9		24860		34530		0
284	417.0		0.144	71.8		24727		34408		0
285	416.0		0.145	71.6		24574		34263		0
286	415.0		0.146	71.5		24410		34100		0
287	414.0		0.147	71.4		24236		33916		0
288	413.0		0.147	71.2		24049		33709		0
289	412.0		0.148	71.1		23834		33481		0
290	411.0		0.149	71.0		23615		33227		0
291	410.0		0.149	70.9		23384		32955		0
292	409.0		0.150	70.8		23162		32664		0
293	408.0		0.150	70.7		22936		32394		0
294	407.0		0.151	70.7		22700		32102		0
295	406.0		0.151	70.6		22464		31798		0
296	405.0		0.151	70.6		22221		31478		0
297	404.0		0.152	70.5		21963		31146		0
298	403.0		0.152	70.5		21716		30789		0
299	402.0		0.152	70.4		21458		30450		0
300	401.0		0.152	70.4		21200		30072		0
301	400.0		0.152	70.4		20925		29702		0
