23MS047.wls
Scan Wavelength: 400.0 nm - 700.0 nm  Test Mode: Abs Mode  Test Time:14-10-2024 15:09:43
Peak/Valley Data Record
No.	Wavelength(nm)	Abs	Trans(%T)	Energy	Energy(100%T)	Energy(0%T)
No Peak/Valley Data.
Wavelength Scan Data Record
No.	Wavelength(nm)	Abs	Trans(%T)	Energy	Energy(100%T)	Energy(0%T)
1	700.0		0.038	91.7		32902		34216		0
2	699.0		0.040	91.3		32762		34857		0
3	698.0		0.042	90.9		32577		35510		0
4	697.0		0.044	90.3		32368		35828		0
5	696.0		0.046	89.9		32144		35731		0
6	695.0		0.048	89.5		31925		35618		0
7	694.0		0.050	89.1		31668		35490		0
8	693.0		0.052	88.7		31412		35335		0
9	692.0		0.054	88.3		31146		35189		0
10	691.0		0.056	87.9		30877		35039		0
11	690.0		0.058	87.5		30616		34894		0
12	689.0		0.060	87.1		30326		34749		0
13	688.0		0.062	86.6		30044		34591		0
14	687.0		0.065	86.2		29726		34408		0
15	686.0		0.067	85.7		29380		34219		0
16	685.0		0.070	85.2		29036		34040		0
17	684.0		0.072	84.7		28725		33848		0
18	683.0		0.075	84.2		28396		33636		0
19	682.0		0.077	83.7		28054		33447		0
20	681.0		0.080	83.2		27726		33260		0
21	680.0		0.083	82.7		27415		33092		0
22	679.0		0.085	82.2		27105		32918		0
23	678.0		0.088	81.6		26806		32751		0
24	677.0		0.091	81.1		26496		32590		0
25	676.0		0.094	80.5		26175		32434		0
26	675.0		0.097	80.0		25860		32260		0
27	674.0		0.100	79.4		25513		32082		0
28	673.0		0.104	78.8		25191		31911		0
29	672.0		0.107	78.2		24893		31768		0
30	671.0		0.110	77.6		24625		31650		0
31	670.0		0.113	77.1		24374		31549		0
32	669.0		0.116	76.5		24124		31464		0
33	668.0		0.119	76.0		23892		31380		0
34	667.0		0.123	75.4		23651		31307		0
35	666.0		0.126	74.8		23420		31238		0
36	665.0		0.129	74.2		23203		31180		0
37	664.0		0.133	73.6		22981		31126		0
38	663.0		0.136	73.0		22743		31072		0
39	662.0		0.140	72.4		22509		31024		0
40	661.0		0.144	71.8		22317		31009		0
41	660.0		0.147	71.2		22137		31017		0
42	659.0		0.151	70.7		21982		31042		0
43	658.0		0.154	70.1		21830		31067		0
44	657.0		0.158	69.6		21678		31102		0
45	656.0		0.161	69.0		21531		31134		0
46	655.0		0.164	68.5		21393		31173		0
47	654.0		0.168	67.9		21261		31222		0
48	653.0		0.171	67.4		21135		31273		0
49	652.0		0.175	66.9		21006		31336		0
50	651.0		0.178	66.3		20890		31417		0
51	650.0		0.182	65.8		20787		31528		0
52	649.0		0.185	65.3		20710		31647		0
53	648.0		0.188	64.8		20632		31775		0
54	647.0		0.192	64.3		20562		31905		0
55	646.0		0.195	63.9		20504		32022		0
56	645.0		0.198	63.4		20452		32162		0
57	644.0		0.201	63.0		20403		32306		0
58	643.0		0.203	62.6		20358		32460		0
59	642.0		0.206	62.2		20322		32611		0
60	641.0		0.209	61.8		20295		32775		0
61	640.0		0.212	61.4		20285		32955		0
62	639.0		0.214	61.0		20289		33171		0
63	638.0		0.217	60.7		20300		33396		0
64	637.0		0.220	60.3		20317		33623		0
65	636.0		0.222	60.0		20339		33840		0
66	635.0		0.224	59.7		20365		34065		0
67	634.0		0.226	59.4		20397		34273		0
68	633.0		0.228	59.2		20440		34490		0
69	632.0		0.230	58.9		20488		34725		0
70	631.0		0.232	58.7		20547		34969		0
71	630.0		0.233	58.5		20623		35226		0
72	629.0		0.235	58.3		20703		35481		0
73	628.0		0.236	58.1		20797		35752		0
74	627.0		0.237	57.9		20901		36048		0
75	626.0		0.238	57.8		21021		36332		0
76	625.0		0.239	57.6		21144		36631		0
77	624.0		0.240	57.5		21266		36910		0
78	623.0		0.241	57.4		21398		37194		0
79	622.0		0.241	57.4		21540		37477		0
80	621.0		0.242	57.3		21697		37782		0
81	620.0		0.242	57.3		21872		38112		0
82	619.0		0.242	57.3		22050		38442		0
83	618.0		0.242	57.3		22244		38751		0
84	617.0		0.242	57.3		22443		39073		0
85	616.0		0.241	57.4		22660		39414		0
86	615.0		0.241	57.4		22892		39788		0
87	614.0		0.240	57.5		23148		40149		0
88	613.0		0.239	57.6		23387		40509		0
89	612.0		0.238	57.8		23631		40854		0
90	611.0		0.237	57.9		23884		41180		0
91	610.0		0.236	58.1		24150		41503		0
92	609.0		0.235	58.3		24414		41842		0
93	608.0		0.233	58.5		24682		42139		0
94	607.0		0.232	58.7		24909		42388		0
95	606.0		0.230	58.9		25138		42591		0
96	605.0		0.228	59.2		25346		42769		0
97	604.0		0.226	59.4		25523		42872		0
98	603.0		0.224	59.7		25673		42889		0
99	602.0		0.221	60.1		25770		42819		0
100	601.0		0.219	60.4		25824		42668		0
101	600.0		0.217	60.7		25835		42447		0
102	599.0		0.214	61.1		25796		42133		0
103	598.0		0.211	61.5		25702		41740		0
104	597.0		0.209	61.8		25531		41209		0
105	596.0		0.206	62.2		25300		40601		0
106	595.0		0.203	62.6		25028		39870		0
107	594.0		0.200	63.1		24698		39120		0
108	593.0		0.197	63.5		24314		38211		0
109	592.0		0.194	64.0		23910		37292		0
110	591.0		0.191	64.5		23444		36278		0
111	590.0		0.187	65.0		22986		35322		0
112	589.0		0.184	65.5		22542		34323		0
113	588.0		0.181	66.0		22115		33404		0
114	587.0		0.177	66.5		21706		32596		0
115	586.0		0.174	67.0		21323		31752		0
116	585.0		0.171	67.5		20957		30987		0
117	584.0		0.167	68.1		20609		30218		0
118	583.0		0.164	68.6		20301		29536		0
119	582.0		0.160	69.2		20033		28904		0
120	581.0		0.157	69.7		19794		28322		0
121	580.0		0.153	70.3		19606		27827		0
122	579.0		0.149	70.9		19458		27386		0
123	578.0		0.146	71.5		19360		27008		0
124	577.0		0.142	72.1		19308		26719		0
125	576.0		0.139	72.7		19314		26507		0
126	575.0		0.135	73.3		19366		26382		0
127	574.0		0.132	73.8		19478		26328		0
128	573.0		0.128	74.4		19660		26372		0
129	572.0		0.125	75.0		19938		26526		0
130	571.0		0.122	75.5		20311		26826		0
131	570.0		0.119	76.1		20834		27347		0
132	569.0		0.115	76.6		21690		28251		0
133	568.0		0.112	77.2		22763		29420		0
134	567.0		0.109	77.8		23747		30505		0
135	566.0		0.106	78.4		24531		31236		0
136	565.0		0.103	78.9		25161		31809		0
137	564.0		0.100	79.5		25675		32240		0
138	563.0		0.097	80.0		26070		32536		0
139	562.0		0.094	80.5		26368		32710		0
140	561.0		0.092	81.0		26558		32741		0
141	560.0		0.089	81.5		26635		32632		0
142	559.0		0.086	81.9		26576		32366		0
143	558.0		0.084	82.4		26397		31959		0
144	557.0		0.082	82.8		26068		31409		0
145	556.0		0.079	83.3		25628		30717		0
146	555.0		0.077	83.8		25051		29859		0
147	554.0		0.075	84.2		24386		28877		0
148	553.0		0.073	84.6		23666		27918		0
149	552.0		0.071	85.0		22929		26973		0
150	551.0		0.069	85.4		22238		25993		0
151	550.0		0.067	85.7		21530		25054		0
152	549.0		0.065	86.1		22558		26172		0
153	548.0		0.064	86.4		22167		25620		0
154	547.0		0.062	86.7		21748		25056		0
155	546.0		0.061	86.9		21356		24504		0
156	545.0		0.059	87.2		20928		23970		0
157	544.0		0.058	87.5		20583		23504		0
158	543.0		0.057	87.8		20465		23285		0
159	542.0		0.055	88.0		20518		23279		0
160	541.0		0.054	88.2		20549		23252		0
161	540.0		0.053	88.4		20552		23200		0
162	539.0		0.053	88.6		20529		23132		0
163	538.0		0.052	88.8		20487		23050		0
164	537.0		0.051	88.9		20421		22939		0
165	536.0		0.050	89.0		20346		22818		0
166	535.0		0.050	89.1		20264		22690		0
167	534.0		0.049	89.2		20166		22561		0
168	533.0		0.049	89.3		20056		22420		0
169	532.0		0.049	89.4		19933		22278		0
170	531.0		0.048	89.4		19804		22109		0
171	530.0		0.048	89.5		19670		21957		0
172	529.0		0.048	89.5		19546		21806		0
173	528.0		0.048	89.5		19422		21672		0
174	527.0		0.048	89.5		19285		21517		0
175	526.0		0.048	89.5		19146		21369		0
176	525.0		0.048	89.4		19009		21213		0
177	524.0		0.049	89.4		18858		21062		0
178	523.0		0.049	89.3		18704		20899		0
179	522.0		0.049	89.2		18550		20741		0
180	521.0		0.050	89.1		18399		20594		0
181	520.0		0.050	89.0		18252		20453		0
182	519.0		0.051	88.9		18088		20300		0
183	518.0		0.052	88.7		17920		20154		0
184	517.0		0.053	88.6		17754		20006		0
185	516.0		0.054	88.4		17591		19869		0
186	515.0		0.054	88.2		17428		19718		0
187	514.0		0.055	88.0		17274		19585		0
188	513.0		0.056	87.8		17100		19443		0
189	512.0		0.058	87.6		16929		19296		0
190	511.0		0.059	87.3		16761		19164		0
191	510.0		0.060	87.1		16608		19037		0
192	509.0		0.061	86.8		16452		18924		0
193	508.0		0.063	86.5		16284		18796		0
194	507.0		0.065	86.2		16110		18663		0
195	506.0		0.066	85.8		15927		18526		0
196	505.0		0.068	85.5		15747		18394		0
197	504.0		0.070	85.1		15583		18268		0
198	503.0		0.072	84.8		15405		18149		0
199	502.0		0.074	84.4		15242		18028		0
200	501.0		0.076	84.0		15075		17916		0
201	500.0		0.078	83.6		14909		17801		0
202	499.0		0.080	83.2		14745		17694		0
203	498.0		0.082	82.8		29464		35538		0
204	497.0		0.084	82.3		29122		35304		0
205	496.0		0.087	81.9		28781		35077		0
206	495.0		0.089	81.4		28392		34827		0
207	494.0		0.092	80.9		28005		34560		0
208	493.0		0.095	80.4		27623		34300		0
209	492.0		0.097	79.9		27266		34069		0
210	491.0		0.100	79.4		26916		33844		0
211	490.0		0.103	78.9		26590		33639		0
212	489.0		0.106	78.4		26270		33431		0
213	488.0		0.108	77.9		25914		33213		0
214	487.0		0.111	77.4		25587		33002		0
215	486.0		0.114	76.9		25253		32796		0
216	485.0		0.117	76.4		24933		32588		0
217	484.0		0.120	75.8		24578		32371		0
218	483.0		0.123	75.3		24207		32124		0
219	482.0		0.127	74.7		23851		31871		0
220	481.0		0.130	74.2		23499		31639		0
221	480.0		0.133	73.6		23185		31430		0
222	479.0		0.136	73.1		22872		31239		0
223	478.0		0.139	72.6		22561		31025		0
224	477.0		0.142	72.1		22264		30812		0
225	476.0		0.145	71.7		21943		30587		0
226	475.0		0.147	71.2		21644		30356		0
227	474.0		0.150	70.8		21356		30127		0
228	473.0		0.153	70.3		21048		29881		0
229	472.0		0.156	69.9		20734		29628		0
230	471.0		0.158	69.4		20418		29365		0
231	470.0		0.161	69.0		20116		29100		0
232	469.0		0.164	68.6		19817		28841		0
233	468.0		0.166	68.2		19543		28589		0
234	467.0		0.168	67.9		19259		28328		0
235	466.0		0.170	67.5		18992		28078		0
236	465.0		0.172	67.2		18722		27791		0
237	464.0		0.174	66.9		18427		27499		0
238	463.0		0.176	66.6		18138		27197		0
239	462.0		0.178	66.4		17868		26881		0
240	461.0		0.180	66.1		17575		26555		0
241	460.0		0.181	65.9		17292		26222		0
242	459.0		0.183	65.6		16993		25862		0
243	458.0		0.184	65.4		16690		25478		0
244	457.0		0.186	65.2		16396		25104		0
245	456.0		0.187	65.1		16100		24718		0
246	455.0		0.188	64.9		15819		24339		0
247	454.0		0.189	64.8		15530		23963		0
248	453.0		0.190	64.6		15257		23563		0
249	452.0		0.190	64.5		14960		23156		0
250	451.0		0.191	64.4		14680		22763		0
251	450.0		0.192	64.3		14415		22392		0
252	449.0		0.192	64.2		14142		21988		0
253	448.0		0.193	64.1		13874		21608		0
254	447.0		0.194	64.0		13588		21199		0
255	446.0		0.194	64.0		13319		20784		0
256	445.0		0.195	63.9		13058		20421		0
257	444.0		0.195	63.8		12821		20063		0
258	443.0		0.196	63.7		12596		19732		0
259	442.0		0.196	63.6		12389		19432		0
260	441.0		0.197	63.6		12183		19143		0
261	440.0		0.197	63.5		12000		18876		0
262	439.0		0.198	63.4		11824		18624		0
263	438.0		0.199	63.3		11658		18381		0
264	437.0		0.199	63.2		11494		18156		0
265	436.0		0.200	63.1		11324		17920		0
266	435.0		0.201	63.0		11140		17662		0
267	434.0		0.202	62.8		22268		35396		0
268	433.0		0.203	62.7		21891		34840		0
269	432.0		0.204	62.5		21500		34330		0
270	431.0		0.204	62.5		21132		33801		0
271	430.0		0.205	62.4		20744		33282		0
272	429.0		0.205	62.4		21133		33720		0
273	428.0		0.205	62.4		21162		33855		0
274	427.0		0.206	62.3		21176		33977		0
275	426.0		0.207	62.1		21172		34079		0
276	425.0		0.209	61.9		21155		34156		0
277	424.0		0.210	61.7		21120		34212		0
278	423.0		0.212	61.4		21066		34250		0
279	422.0		0.213	61.2		20991		34253		0
280	421.0		0.215	61.0		20904		34237		0
281	420.0		0.216	60.8		20808		34192		0
282	419.0		0.218	60.6		20704		34123		0
283	418.0		0.219	60.4		20579		34029		0
284	417.0		0.220	60.2		20443		33906		0
285	416.0		0.222	60.0		20290		33760		0
286	415.0		0.223	59.9		20138		33600		0
287	414.0		0.224	59.7		19970		33414		0
288	413.0		0.225	59.5		19795		33219		0
289	412.0		0.226	59.4		19611		32983		0
290	411.0		0.227	59.2		19413		32733		0
291	410.0		0.228	59.1		19206		32454		0
292	409.0		0.229	59.0		19005		32182		0
293	408.0		0.230	58.9		18808		31900		0
294	407.0		0.230	58.8		18613		31604		0
295	406.0		0.231	58.7		18411		31309		0
296	405.0		0.231	58.7		18201		30988		0
297	404.0		0.232	58.6		17992		30651		0
298	403.0		0.232	58.6		17774		30303		0
299	402.0		0.232	58.6		17561		29949		0
300	401.0		0.233	58.5		17339		29598		0
301	400.0		0.233	58.5		17119		29242		0
