23MS191.wls
Scan Wavelength: 400.0 nm - 700.0 nm  Test Mode: Abs Mode  Test Time:06-09-2024 15:30:32
Peak/Valley Data Record
No.	Wavelength(nm)	Abs	Trans(%T)	Energy	Energy(100%T)	Energy(0%T)
No Peak/Valley Data.
Wavelength Scan Data Record
No.	Wavelength(nm)	Abs	Trans(%T)	Energy	Energy(100%T)	Energy(0%T)
1	700.0		-0.001	100.2		35698		34153		0
2	699.0		0.000	100.0		35658		34743		0
3	698.0		0.001	99.9		35596		35305		0
4	697.0		0.002	99.6		35513		35717		0
5	696.0		0.002	99.5		35417		35634		0
6	695.0		0.002	99.5		35305		35517		0
7	694.0		0.002	99.5		35181		35399		0
8	693.0		0.002	99.5		35035		35252		0
9	692.0		0.002	99.4		34879		35096		0
10	691.0		0.002	99.4		34728		34940		0
11	690.0		0.002	99.4		34590		34808		0
12	689.0		0.003	99.4		34450		34665		0
13	688.0		0.003	99.4		34287		34496		0
14	687.0		0.003	99.4		34104		34326		0
15	686.0		0.003	99.4		33924		34133		0
16	685.0		0.003	99.4		33736		33955		0
17	684.0		0.003	99.4		33542		33767		0
18	683.0		0.003	99.4		33342		33563		0
19	682.0		0.003	99.4		33154		33365		0
20	681.0		0.003	99.4		32966		33174		0
21	680.0		0.003	99.4		32790		33002		0
22	679.0		0.003	99.4		32630		32827		0
23	678.0		0.003	99.4		32460		32666		0
24	677.0		0.003	99.4		32296		32508		0
25	676.0		0.003	99.4		32131		32346		0
26	675.0		0.003	99.3		31962		32163		0
27	674.0		0.003	99.3		31776		31986		0
28	673.0		0.003	99.3		31609		31815		0
29	672.0		0.003	99.3		31455		31671		0
30	671.0		0.003	99.3		31336		31547		0
31	670.0		0.003	99.3		31233		31456		0
32	669.0		0.003	99.3		31138		31374		0
33	668.0		0.003	99.3		31058		31293		0
34	667.0		0.003	99.3		30986		31220		0
35	666.0		0.003	99.3		30918		31151		0
36	665.0		0.003	99.3		30864		31086		0
37	664.0		0.003	99.3		30810		31038		0
38	663.0		0.003	99.3		30736		30977		0
39	662.0		0.003	99.3		30689		30931		0
40	661.0		0.003	99.3		30665		30912		0
41	660.0		0.003	99.3		30674		30921		0
42	659.0		0.003	99.3		30700		30948		0
43	658.0		0.003	99.2		30719		30978		0
44	657.0		0.003	99.2		30745		31004		0
45	656.0		0.003	99.2		30780		31042		0
46	655.0		0.003	99.2		30822		31073		0
47	654.0		0.003	99.2		30872		31126		0
48	653.0		0.003	99.2		30915		31174		0
49	652.0		0.003	99.2		30975		31226		0
50	651.0		0.004	99.2		31048		31306		0
51	650.0		0.004	99.2		31151		31412		0
52	649.0		0.004	99.2		31269		31533		0
53	648.0		0.004	99.2		31387		31661		0
54	647.0		0.004	99.1		31511		31785		0
55	646.0		0.004	99.1		31633		31918		0
56	645.0		0.004	99.1		31762		32046		0
57	644.0		0.004	99.1		31900		32194		0
58	643.0		0.004	99.1		32042		32342		0
59	642.0		0.004	99.1		32188		32502		0
60	641.0		0.004	99.1		32351		32660		0
61	640.0		0.004	99.1		32532		32854		0
62	639.0		0.004	99.1		32737		33063		0
63	638.0		0.004	99.0		32963		33290		0
64	637.0		0.004	99.0		33179		33508		0
65	636.0		0.004	99.0		33383		33731		0
66	635.0		0.004	99.0		33595		33936		0
67	634.0		0.004	99.0		33796		34146		0
68	633.0		0.004	99.0		34013		34370		0
69	632.0		0.004	99.0		34236		34601		0
70	631.0		0.004	99.0		34463		34845		0
71	630.0		0.004	99.0		34712		35103		0
72	629.0		0.005	99.0		34953		35338		0
73	628.0		0.005	98.9		35210		35608		0
74	627.0		0.005	98.9		35487		35903		0
75	626.0		0.005	98.9		35792		36197		0
76	625.0		0.005	98.9		36080		36489		0
77	624.0		0.005	98.9		36348		36784		0
78	623.0		0.005	98.9		36615		37073		0
79	622.0		0.005	98.9		36896		37348		0
80	621.0		0.005	98.9		37187		37631		0
81	620.0		0.005	98.8		37503		37972		0
82	619.0		0.005	98.8		37819		38292		0
83	618.0		0.005	98.8		38135		38598		0
84	617.0		0.005	98.8		38442		38940		0
85	616.0		0.005	98.8		38772		39286		0
86	615.0		0.005	98.8		39128		39638		0
87	614.0		0.005	98.8		39487		40008		0
88	613.0		0.005	98.8		39834		40362		0
89	612.0		0.005	98.8		40161		40687		0
90	611.0		0.005	98.7		40487		41033		0
91	610.0		0.006	98.7		40807		41364		0
92	609.0		0.006	98.7		41128		41687		0
93	608.0		0.006	98.7		41423		41981		0
94	607.0		0.006	98.7		41659		42240		0
95	606.0		0.006	98.7		41870		42446		0
96	605.0		0.006	98.7		42024		42621		0
97	604.0		0.006	98.7		42136		42725		0
98	603.0		0.006	98.7		42157		42754		0
99	602.0		0.006	98.6		42087		42694		0
100	601.0		0.006	98.6		41942		42547		0
101	600.0		0.006	98.6		41730		42339		0
102	599.0		0.006	98.6		41440		42040		0
103	598.0		0.006	98.6		41043		41641		0
104	597.0		0.006	98.6		40535		41131		0
105	596.0		0.006	98.6		39919		40512		0
106	595.0		0.006	98.5		39205		39810		0
107	594.0		0.007	98.5		38434		39060		0
108	593.0		0.007	98.5		37575		38162		0
109	592.0		0.007	98.5		36644		37228		0
110	591.0		0.007	98.5		35701		36219		0
111	590.0		0.007	98.5		34718		35268		0
112	589.0		0.007	98.4		33731		34288		0
113	588.0		0.007	98.4		32844		33392		0
114	587.0		0.007	98.4		31978		32525		0
115	586.0		0.007	98.3		31176		31705		0
116	585.0		0.007	98.3		30380		30909		0
117	584.0		0.007	98.3		29630		30171		0
118	583.0		0.007	98.3		28948		29467		0
119	582.0		0.008	98.3		28331		28830		0
120	581.0		0.008	98.3		27756		28255		0
121	580.0		0.008	98.3		27268		27760		0
122	579.0		0.008	98.2		26813		27322		0
123	578.0		0.008	98.2		26448		26931		0
124	577.0		0.008	98.2		26131		26636		0
125	576.0		0.008	98.2		25927		26421		0
126	575.0		0.008	98.1		25780		26288		0
127	574.0		0.008	98.1		25719		26234		0
128	573.0		0.008	98.1		25748		26273		0
129	572.0		0.009	98.0		25882		26422		0
130	571.0		0.009	98.0		26161		26721		0
131	570.0		0.009	98.0		26628		27220		0
132	569.0		0.009	98.0		27499		28106		0
133	568.0		0.009	97.9		28612		29249		0
134	567.0		0.009	97.9		29661		30331		0
135	566.0		0.009	97.8		30395		31095		0
136	565.0		0.010	97.8		30949		31679		0
137	564.0		0.010	97.8		31360		32121		0
138	563.0		0.010	97.7		31650		32420		0
139	562.0		0.010	97.7		31811		32591		0
140	561.0		0.010	97.6		31839		32618		0
141	560.0		0.011	97.6		31732		32522		0
142	559.0		0.011	97.6		31477		32272		0
143	558.0		0.011	97.5		31075		31879		0
144	557.0		0.011	97.5		30521		31333		0
145	556.0		0.011	97.4		29841		30630		0
146	555.0		0.011	97.4		29005		29825		0
147	554.0		0.012	97.3		28055		28819		0
148	553.0		0.012	97.3		27096		27855		0
149	552.0		0.012	97.2		26140		26900		0
150	551.0		0.013	97.1		25210		25943		0
151	550.0		0.013	97.1		24291		25044		0
152	549.0		0.013	97.0		25332		26134		0
153	548.0		0.014	96.9		24784		25573		0
154	547.0		0.014	96.8		24220		25007		0
155	546.0		0.014	96.7		23680		24473		0
156	545.0		0.015	96.6		23108		23930		0
157	544.0		0.015	96.5		22646		23461		0
158	543.0		0.016	96.4		22387		23233		0
159	542.0		0.016	96.3		22356		23225		0
160	541.0		0.017	96.2		22308		23205		0
161	540.0		0.017	96.1		22238		23158		0
162	539.0		0.018	96.0		22145		23088		0
163	538.0		0.019	95.8		22029		23003		0
164	537.0		0.019	95.7		21890		22898		0
165	536.0		0.020	95.5		21747		22775		0
166	535.0		0.021	95.4		21595		22651		0
167	534.0		0.021	95.2		21432		22514		0
168	533.0		0.022	95.0		21256		22386		0
169	532.0		0.023	94.9		21073		22234		0
170	531.0		0.024	94.7		20873		22068		0
171	530.0		0.025	94.5		20669		21916		0
172	529.0		0.026	94.2		20480		21763		0
173	528.0		0.027	94.0		20301		21623		0
174	527.0		0.028	93.7		20114		21474		0
175	526.0		0.029	93.5		19922		21335		0
176	525.0		0.031	93.2		19722		21172		0
177	524.0		0.032	92.9		19525		21023		0
178	523.0		0.033	92.7		19317		20860		0
179	522.0		0.034	92.4		19113		20708		0
180	521.0		0.036	92.1		18924		20562		0
181	520.0		0.037	91.7		18716		20417		0
182	519.0		0.039	91.4		18514		20268		0
183	518.0		0.041	91.0		18295		20116		0
184	517.0		0.043	90.7		18087		19967		0
185	516.0		0.044	90.3		17885		19825		0
186	515.0		0.046	89.9		17681		19692		0
187	514.0		0.048	89.5		17477		19552		0
188	513.0		0.050	89.1		17271		19406		0
189	512.0		0.052	88.7		17066		19264		0
190	511.0		0.054	88.2		16867		19130		0
191	510.0		0.056	87.8		16674		19000		0
192	509.0		0.059	87.4		16486		18887		0
193	508.0		0.061	86.9		16294		18759		0
194	507.0		0.063	86.4		16081		18627		0
195	506.0		0.066	85.9		15872		18493		0
196	505.0		0.069	85.4		15652		18364		0
197	504.0		0.071	84.8		15456		18238		0
198	503.0		0.074	84.3		15257		18113		0
199	502.0		0.077	83.8		15071		17994		0
200	501.0		0.079	83.3		14878		17878		0
201	500.0		0.082	82.8		14689		17762		0
202	499.0		0.085	82.3		14511		17656		0
203	498.0		0.088	81.7		28947		35452		0
204	497.0		0.090	81.2		28588		35236		0
205	496.0		0.094	80.6		28202		35002		0
206	495.0		0.097	80.1		27804		34756		0
207	494.0		0.100	79.5		27387		34506		0
208	493.0		0.103	78.9		26976		34243		0
209	492.0		0.106	78.3		26598		33998		0
210	491.0		0.109	77.8		26237		33776		0
211	490.0		0.112	77.2		25891		33574		0
212	489.0		0.115	76.7		25550		33362		0
213	488.0		0.118	76.1		25216		33143		0
214	487.0		0.121	75.6		24869		32931		0
215	486.0		0.124	75.1		24548		32734		0
216	485.0		0.127	74.6		24232		32528		0
217	484.0		0.130	74.1		23899		32303		0
218	483.0		0.134	73.5		23540		32058		0
219	482.0		0.137	73.0		23190		31824		0
220	481.0		0.140	72.5		22868		31584		0
221	480.0		0.142	72.0		22578		31377		0
222	479.0		0.145	71.6		22280		31177		0
223	478.0		0.148	71.1		21995		30978		0
224	477.0		0.150	70.7		21723		30750		0
225	476.0		0.153	70.3		21432		30524		0
226	475.0		0.155	69.9		21154		30289		0
227	474.0		0.158	69.6		20882		30069		0
228	473.0		0.160	69.2		20616		29816		0
229	472.0		0.162	68.9		20342		29563		0
230	471.0		0.164	68.6		20068		29303		0
231	470.0		0.166	68.2		19793		29039		0
232	469.0		0.168	67.9		19532		28786		0
233	468.0		0.170	67.7		19284		28535		0
234	467.0		0.171	67.4		19051		28272		0
235	466.0		0.172	67.2		18814		28003		0
236	465.0		0.174	67.0		18574		27722		0
237	464.0		0.175	66.9		18331		27439		0
238	463.0		0.176	66.7		18083		27133		0
239	462.0		0.177	66.6		17846		26829		0
240	461.0		0.177	66.5		17601		26487		0
241	460.0		0.178	66.4		17359		26174		0
242	459.0		0.178	66.4		17108		25814		0
243	458.0		0.178	66.3		16840		25423		0
244	457.0		0.178	66.3		16590		25034		0
245	456.0		0.178	66.3		16335		24670		0
246	455.0		0.178	66.3		16090		24288		0
247	454.0		0.178	66.4		15849		23901		0
248	453.0		0.177	66.5		15610		23517		0
249	452.0		0.177	66.6		15360		23105		0
250	451.0		0.176	66.7		15122		22713		0
251	450.0		0.175	66.8		14901		22332		0
252	449.0		0.174	67.0		14685		21942		0
253	448.0		0.173	67.1		14456		21570		0
254	447.0		0.172	67.3		14226		21164		0
255	446.0		0.170	67.6		14004		20753		0
256	445.0		0.169	67.8		13796		20382		0
257	444.0		0.167	68.0		13604		20016		0
258	443.0		0.165	68.3		13434		19684		0
259	442.0		0.164	68.6		13282		19395		0
260	441.0		0.162	68.9		13143		19093		0
261	440.0		0.160	69.2		13013		18828		0
262	439.0		0.158	69.5		12898		18574		0
263	438.0		0.156	69.9		12798		18341		0
264	437.0		0.153	70.2		12695		18100		0
265	436.0		0.151	70.6		12600		17865		0
266	435.0		0.149	71.0		12494		17614		0
267	434.0		0.146	71.4		25188		35290		0
268	433.0		0.144	71.8		24954		34762		0
269	432.0		0.141	72.3		24706		34256		0
270	431.0		0.138	72.7		24471		33735		0
271	430.0		0.136	73.2		24229		33195		0
272	429.0		0.132	73.7		24780		33586		0
273	428.0		0.130	74.2		25016		33728		0
274	427.0		0.127	74.7		25250		33846		0
275	426.0		0.124	75.1		25451		33949		0
276	425.0		0.122	75.5		25651		34017		0
277	424.0		0.119	75.9		25842		34076		0
278	423.0		0.117	76.4		26019		34106		0
279	422.0		0.114	76.8		26183		34112		0
280	421.0		0.112	77.3		26314		34086		0
281	420.0		0.110	77.7		26420		34051		0
282	419.0		0.108	78.1		26502		33987		0
283	418.0		0.105	78.4		26560		33895		0
284	417.0		0.103	78.8		26597		33782		0
285	416.0		0.101	79.2		26609		33630		0
286	415.0		0.099	79.6		26600		33469		0
287	414.0		0.097	79.9		26576		33275		0
288	413.0		0.095	80.3		26523		33081		0
289	412.0		0.094	80.6		26453		32847		0
290	411.0		0.092	80.9		26358		32596		0
291	410.0		0.090	81.3		26246		32322		0
292	409.0		0.089	81.6		26122		32056		0
293	408.0		0.087	81.8		25981		31778		0
294	407.0		0.086	82.1		25812		31479		0
295	406.0		0.085	82.3		25631		31181		0
296	405.0		0.084	82.5		25432		30858		0
297	404.0		0.083	82.6		25215		30524		0
298	403.0		0.082	82.8		24970		30185		0
299	402.0		0.082	82.9		24708		29824		0
300	401.0		0.081	82.9		24436		29474		0
301	400.0		0.081	83.0		24138		29106		0
