23MS052.wls
Scan Wavelength: 400.0 nm - 700.0 nm  Test Mode: Abs Mode  Test Time:12-09-2024 15:31:53
Peak/Valley Data Record
No.	Wavelength(nm)	Abs	Trans(%T)	Energy	Energy(100%T)	Energy(0%T)
No Peak/Valley Data.
Wavelength Scan Data Record
No.	Wavelength(nm)	Abs	Trans(%T)	Energy	Energy(100%T)	Energy(0%T)
1	700.0		0.001	99.7		35630		34240		0
2	699.0		0.002	99.5		35585		34863		0
3	698.0		0.003	99.3		35512		35429		0
4	697.0		0.004	99.1		35438		35783		0
5	696.0		0.004	99.0		35344		35681		0
6	695.0		0.004	99.0		35235		35579		0
7	694.0		0.005	99.0		35114		35451		0
8	693.0		0.005	99.0		34982		35318		0
9	692.0		0.005	99.0		34839		35178		0
10	691.0		0.005	99.0		34706		35041		0
11	690.0		0.005	99.0		34563		34902		0
12	689.0		0.005	99.0		34416		34761		0
13	688.0		0.005	99.0		34262		34608		0
14	687.0		0.005	99.0		34092		34423		0
15	686.0		0.005	99.0		33897		34232		0
16	685.0		0.005	98.9		33704		34050		0
17	684.0		0.005	98.9		33513		33854		0
18	683.0		0.005	98.9		33316		33658		0
19	682.0		0.005	98.9		33134		33462		0
20	681.0		0.005	98.9		32940		33269		0
21	680.0		0.005	98.9		32761		33097		0
22	679.0		0.005	98.9		32594		32935		0
23	678.0		0.005	98.9		32421		32773		0
24	677.0		0.005	98.9		32263		32610		0
25	676.0		0.005	98.9		32091		32446		0
26	675.0		0.005	98.9		31925		32268		0
27	674.0		0.005	98.9		31744		32101		0
28	673.0		0.005	98.9		31582		31922		0
29	672.0		0.005	98.9		31441		31775		0
30	671.0		0.005	98.9		31321		31656		0
31	670.0		0.005	98.9		31222		31556		0
32	669.0		0.005	98.9		31133		31464		0
33	668.0		0.005	98.9		31052		31377		0
34	667.0		0.005	98.9		30980		31299		0
35	666.0		0.005	98.9		30910		31238		0
36	665.0		0.005	98.9		30854		31177		0
37	664.0		0.005	98.9		30802		31132		0
38	663.0		0.005	98.9		30741		31084		0
39	662.0		0.005	98.8		30692		31040		0
40	661.0		0.005	98.8		30670		31016		0
41	660.0		0.005	98.8		30681		31027		0
42	659.0		0.005	98.8		30703		31049		0
43	658.0		0.005	98.8		30731		31074		0
44	657.0		0.005	98.8		30760		31098		0
45	656.0		0.005	98.8		30798		31133		0
46	655.0		0.005	98.8		30845		31176		0
47	654.0		0.005	98.8		30889		31230		0
48	653.0		0.005	98.8		30933		31288		0
49	652.0		0.005	98.8		30987		31352		0
50	651.0		0.005	98.8		31062		31426		0
51	650.0		0.005	98.8		31162		31534		0
52	649.0		0.005	98.8		31292		31654		0
53	648.0		0.005	98.8		31419		31777		0
54	647.0		0.005	98.8		31539		31895		0
55	646.0		0.005	98.8		31657		32027		0
56	645.0		0.005	98.8		31790		32162		0
57	644.0		0.005	98.8		31927		32305		0
58	643.0		0.005	98.8		32066		32455		0
59	642.0		0.005	98.8		32222		32605		0
60	641.0		0.005	98.8		32388		32774		0
61	640.0		0.005	98.7		32570		32958		0
62	639.0		0.006	98.7		32772		33172		0
63	638.0		0.006	98.7		32993		33394		0
64	637.0		0.006	98.7		33201		33614		0
65	636.0		0.006	98.7		33414		33836		0
66	635.0		0.006	98.7		33628		34048		0
67	634.0		0.006	98.7		33848		34267		0
68	633.0		0.006	98.7		34051		34486		0
69	632.0		0.006	98.7		34278		34706		0
70	631.0		0.006	98.7		34492		34940		0
71	630.0		0.006	98.7		34726		35200		0
72	629.0		0.006	98.6		34962		35462		0
73	628.0		0.006	98.6		35234		35749		0
74	627.0		0.006	98.6		35504		36028		0
75	626.0		0.006	98.6		35792		36321		0
76	625.0		0.006	98.5		36085		36615		0
77	624.0		0.006	98.5		36357		36896		0
78	623.0		0.006	98.5		36635		37185		0
79	622.0		0.007	98.5		36914		37477		0
80	621.0		0.007	98.5		37206		37777		0
81	620.0		0.007	98.5		37533		38077		0
82	619.0		0.007	98.5		37847		38405		0
83	618.0		0.007	98.5		38152		38739		0
84	617.0		0.007	98.5		38461		39058		0
85	616.0		0.007	98.4		38798		39404		0
86	615.0		0.007	98.4		39155		39768		0
87	614.0		0.007	98.4		39498		40132		0
88	613.0		0.007	98.4		39836		40486		0
89	612.0		0.007	98.3		40154		40817		0
90	611.0		0.007	98.3		40478		41147		0
91	610.0		0.007	98.3		40796		41488		0
92	609.0		0.008	98.3		41106		41823		0
93	608.0		0.008	98.3		41399		42106		0
94	607.0		0.008	98.2		41634		42370		0
95	606.0		0.008	98.2		41837		42590		0
96	605.0		0.008	98.2		42003		42757		0
97	604.0		0.008	98.2		42111		42864		0
98	603.0		0.008	98.1		42121		42896		0
99	602.0		0.008	98.1		42045		42838		0
100	601.0		0.008	98.1		41896		42696		0
101	600.0		0.009	98.1		41677		42488		0
102	599.0		0.009	98.0		41364		42178		0
103	598.0		0.009	98.0		40984		41781		0
104	597.0		0.009	98.0		40459		41270		0
105	596.0		0.009	97.9		39836		40652		0
106	595.0		0.009	97.9		39125		39965		0
107	594.0		0.009	97.8		38366		39173		0
108	593.0		0.010	97.8		37493		38326		0
109	592.0		0.010	97.8		36566		37388		0
110	591.0		0.010	97.7		35594		36370		0
111	590.0		0.010	97.7		34596		35392		0
112	589.0		0.010	97.6		33669		34445		0
113	588.0		0.011	97.6		32735		33528		0
114	587.0		0.011	97.5		31882		32647		0
115	586.0		0.011	97.5		31077		31851		0
116	585.0		0.011	97.5		30279		31030		0
117	584.0		0.011	97.4		29526		30278		0
118	583.0		0.012	97.3		28836		29612		0
119	582.0		0.012	97.3		28201		28960		0
120	581.0		0.012	97.2		27623		28404		0
121	580.0		0.012	97.2		27146		27898		0
122	579.0		0.013	97.1		26681		27438		0
123	578.0		0.013	97.1		26303		27062		0
124	577.0		0.013	97.0		25993		26766		0
125	576.0		0.013	97.0		25766		26560		0
126	575.0		0.014	96.9		25620		26427		0
127	574.0		0.014	96.9		25552		26372		0
128	573.0		0.014	96.8		25571		26411		0
129	572.0		0.014	96.8		25701		26566		0
130	571.0		0.015	96.7		25965		26857		0
131	570.0		0.015	96.6		26433		27368		0
132	569.0		0.015	96.6		27280		28217		0
133	568.0		0.015	96.5		28377		29386		0
134	567.0		0.016	96.5		29402		30473		0
135	566.0		0.016	96.4		30142		31249		0
136	565.0		0.016	96.4		30671		31828		0
137	564.0		0.016	96.3		31077		32257		0
138	563.0		0.017	96.2		31344		32574		0
139	562.0		0.017	96.2		31492		32754		0
140	561.0		0.017	96.1		31506		32800		0
141	560.0		0.018	96.0		31390		32698		0
142	559.0		0.018	95.9		31121		32447		0
143	558.0		0.018	95.8		30709		32034		0
144	557.0		0.019	95.7		30163		31517		0
145	556.0		0.019	95.6		29453		30818		0
146	555.0		0.020	95.5		28641		29954		0
147	554.0		0.020	95.4		27666		29033		0
148	553.0		0.021	95.3		26667		28029		0
149	552.0		0.021	95.2		25712		27033		0
150	551.0		0.022	95.0		24781		26079		0
151	550.0		0.023	94.9		23854		25208		0
152	549.0		0.024	94.7		24926		26332		0
153	548.0		0.024	94.6		24362		25743		0
154	547.0		0.025	94.4		23783		25199		0
155	546.0		0.026	94.2		23225		24664		0
156	545.0		0.027	94.1		22657		24097		0
157	544.0		0.027	93.9		22183		23630		0
158	543.0		0.028	93.7		21923		23411		0
159	542.0		0.029	93.5		21857		23406		0
160	541.0		0.030	93.2		21790		23382		0
161	540.0		0.031	93.0		21694		23333		0
162	539.0		0.032	92.8		21577		23267		0
163	538.0		0.033	92.6		21439		23185		0
164	537.0		0.035	92.3		21283		23075		0
165	536.0		0.036	92.1		21104		22950		0
166	535.0		0.037	91.8		20928		22823		0
167	534.0		0.039	91.5		20742		22695		0
168	533.0		0.040	91.1		20551		22548		0
169	532.0		0.042	90.8		20335		22400		0
170	531.0		0.044	90.4		20109		22244		0
171	530.0		0.046	90.0		19877		22086		0
172	529.0		0.048	89.6		19650		21931		0
173	528.0		0.049	89.2		19447		21793		0
174	527.0		0.051	88.8		19215		21645		0
175	526.0		0.054	88.4		18985		21499		0
176	525.0		0.056	87.9		18760		21350		0
177	524.0		0.058	87.4		18526		21193		0
178	523.0		0.061	86.9		18275		21042		0
179	522.0		0.063	86.4		18037		20888		0
180	521.0		0.066	85.9		17792		20745		0
181	520.0		0.069	85.3		17558		20597		0
182	519.0		0.072	84.7		17301		20450		0
183	518.0		0.075	84.1		17044		20291		0
184	517.0		0.079	83.4		16786		20150		0
185	516.0		0.082	82.7		16534		20004		0
186	515.0		0.086	82.0		16285		19872		0
187	514.0		0.090	81.4		16036		19727		0
188	513.0		0.093	80.7		15788		19579		0
189	512.0		0.097	79.9		15519		19438		0
190	511.0		0.101	79.2		15268		19301		0
191	510.0		0.106	78.4		15030		19178		0
192	509.0		0.110	77.6		14799		19056		0
193	508.0		0.114	76.8		14541		18937		0
194	507.0		0.119	76.0		14270		18804		0
195	506.0		0.124	75.1		14005		18667		0
196	505.0		0.129	74.2		13748		18537		0
197	504.0		0.135	73.4		13497		18414		0
198	503.0		0.140	72.5		13247		18292		0
199	502.0		0.145	71.7		13006		18168		0
200	501.0		0.150	70.8		12775		18053		0
201	500.0		0.155	69.9		12535		17943		0
202	499.0		0.161	69.1		12300		17836		0
203	498.0		0.166	68.2		24408		35806		0
204	497.0		0.172	67.3		23941		35576		0
205	496.0		0.178	66.4		23460		35344		0
206	495.0		0.184	65.5		22960		35109		0
207	494.0		0.190	64.6		22460		34847		0
208	493.0		0.196	63.6		21987		34583		0
209	492.0		0.202	62.7		21523		34346		0
210	491.0		0.208	61.9		21086		34124		0
211	490.0		0.214	61.0		20683		33917		0
212	489.0		0.220	60.2		20282		33710		0
213	488.0		0.226	59.4		19878		33498		0
214	487.0		0.232	58.6		19486		33280		0
215	486.0		0.238	57.9		19119		33069		0
216	485.0		0.243	57.1		18761		32861		0
217	484.0		0.249	56.3		18367		32645		0
218	483.0		0.255	55.5		17976		32411		0
219	482.0		0.261	54.8		17583		32157		0
220	481.0		0.267	54.1		17236		31935		0
221	480.0		0.273	53.4		16892		31715		0
222	479.0		0.278	52.7		16592		31513		0
223	478.0		0.283	52.1		16294		31299		0
224	477.0		0.288	51.5		16000		31083		0
225	476.0		0.293	51.0		15715		30855		0
226	475.0		0.297	50.4		15434		30628		0
227	474.0		0.302	49.9		15172		30402		0
228	473.0		0.306	49.4		14893		30165		0
229	472.0		0.310	49.0		14636		29915		0
230	471.0		0.314	48.5		14373		29651		0
231	470.0		0.318	48.1		14117		29382		0
232	469.0		0.321	47.7		13887		29126		0
233	468.0		0.324	47.4		13670		28879		0
234	467.0		0.327	47.1		13457		28612		0
235	466.0		0.329	46.9		13270		28352		0
236	465.0		0.331	46.6		13069		28081		0
237	464.0		0.333	46.4		12878		27789		0
238	463.0		0.335	46.2		12684		27467		0
239	462.0		0.336	46.1		12505		27144		0
240	461.0		0.337	46.0		12316		26844		0
241	460.0		0.338	45.9		12146		26492		0
242	459.0		0.338	45.9		11968		26137		0
243	458.0		0.339	45.9		11787		25742		0
244	457.0		0.338	45.9		11616		25365		0
245	456.0		0.338	45.9		11456		24993		0
246	455.0		0.337	46.0		11303		24599		0
247	454.0		0.336	46.1		11156		24222		0
248	453.0		0.335	46.3		11007		23826		0
249	452.0		0.333	46.5		10863		23408		0
250	451.0		0.331	46.7		10722		23016		0
251	450.0		0.329	46.9		10598		22635		0
252	449.0		0.326	47.2		10471		22245		0
253	448.0		0.324	47.5		10350		21859		0
254	447.0		0.320	47.8		10231		21428		0
255	446.0		0.317	48.2		10121		21031		0
256	445.0		0.313	48.6		10018		20638		0
257	444.0		0.310	49.0		9932		20300		0
258	443.0		0.306	49.5		9858		19958		0
259	442.0		0.302	49.9		9801		19652		0
260	441.0		0.297	50.4		9750		19372		0
261	440.0		0.293	51.0		9715		19090		0
262	439.0		0.288	51.5		9687		18852		0
263	438.0		0.283	52.1		9669		18609		0
264	437.0		0.279	52.7		9656		18383		0
265	436.0		0.273	53.3		9643		18136		0
266	435.0		0.268	54.0		9632		17885		0
267	434.0		0.262	54.7		19568		35837		0
268	433.0		0.256	55.4		19529		35299		0
269	432.0		0.251	56.1		19484		34768		0
270	431.0		0.245	56.9		19436		34233		0
271	430.0		0.238	57.8		19376		33689		0
272	429.0		0.231	58.7		20059		34108		0
273	428.0		0.225	59.5		20385		34257		0
274	427.0		0.219	60.4		20720		34388		0
275	426.0		0.214	61.1		21042		34485		0
276	425.0		0.208	61.9		21356		34569		0
277	424.0		0.203	62.7		21682		34640		0
278	423.0		0.197	63.5		21991		34676		0
279	422.0		0.191	64.4		22299		34681		0
280	421.0		0.186	65.2		22574		34666		0
281	420.0		0.180	66.0		22832		34622		0
282	419.0		0.175	66.8		23058		34557		0
283	418.0		0.170	67.6		23275		34464		0
284	417.0		0.165	68.4		23464		34340		0
285	416.0		0.160	69.2		23625		34196		0
286	415.0		0.155	70.0		23776		34037		0
287	414.0		0.151	70.7		23901		33860		0
288	413.0		0.146	71.5		24004		33648		0
289	412.0		0.141	72.2		24087		33422		0
290	411.0		0.137	72.9		24152		33158		0
291	410.0		0.133	73.7		24198		32901		0
292	409.0		0.129	74.4		24219		32604		0
293	408.0		0.125	75.0		24210		32320		0
294	407.0		0.122	75.6		24178		32023		0
295	406.0		0.118	76.1		24119		31728		0
296	405.0		0.116	76.6		24036		31396		0
297	404.0		0.113	77.1		23924		31069		0
298	403.0		0.111	77.5		23782		30710		0
299	402.0		0.109	77.8		23613		30373		0
300	401.0		0.108	78.1		23413		29991		0
301	400.0		0.107	78.2		23195		29615		0
