23MS075.wls
Scan Wavelength: 400.0 nm - 700.0 nm  Test Mode: Abs Mode  Test Time:12-09-2024 15:15:35
Peak/Valley Data Record
No.	Wavelength(nm)	Abs	Trans(%T)	Energy	Energy(100%T)	Energy(0%T)
No Peak/Valley Data.
Wavelength Scan Data Record
No.	Wavelength(nm)	Abs	Trans(%T)	Energy	Energy(100%T)	Energy(0%T)
1	700.0		0.001	99.8		35662		34240		0
2	699.0		0.002	99.6		35612		34863		0
3	698.0		0.002	99.5		35552		35429		0
4	697.0		0.003	99.3		35470		35783		0
5	696.0		0.004	99.2		35375		35681		0
6	695.0		0.004	99.1		35268		35579		0
7	694.0		0.004	99.1		35154		35451		0
8	693.0		0.004	99.1		35017		35318		0
9	692.0		0.004	99.1		34883		35178		0
10	691.0		0.004	99.1		34731		35041		0
11	690.0		0.004	99.1		34581		34902		0
12	689.0		0.004	99.1		34447		34761		0
13	688.0		0.004	99.1		34298		34608		0
14	687.0		0.004	99.1		34113		34423		0
15	686.0		0.004	99.1		33933		34232		0
16	685.0		0.004	99.1		33740		34050		0
17	684.0		0.004	99.1		33562		33854		0
18	683.0		0.004	99.1		33347		33658		0
19	682.0		0.004	99.1		33152		33462		0
20	681.0		0.004	99.1		32967		33269		0
21	680.0		0.004	99.1		32793		33097		0
22	679.0		0.004	99.1		32628		32935		0
23	678.0		0.004	99.1		32461		32773		0
24	677.0		0.004	99.1		32296		32610		0
25	676.0		0.004	99.1		32127		32446		0
26	675.0		0.004	99.1		31957		32268		0
27	674.0		0.004	99.1		31789		32101		0
28	673.0		0.004	99.1		31621		31922		0
29	672.0		0.004	99.1		31476		31775		0
30	671.0		0.004	99.1		31349		31656		0
31	670.0		0.004	99.1		31253		31556		0
32	669.0		0.004	99.1		31164		31464		0
33	668.0		0.004	99.1		31081		31377		0
34	667.0		0.004	99.0		31007		31299		0
35	666.0		0.004	99.0		30935		31238		0
36	665.0		0.004	99.0		30874		31177		0
37	664.0		0.004	99.0		30822		31132		0
38	663.0		0.004	99.0		30764		31084		0
39	662.0		0.004	99.0		30724		31040		0
40	661.0		0.004	99.0		30707		31016		0
41	660.0		0.004	99.0		30723		31027		0
42	659.0		0.004	99.0		30750		31049		0
43	658.0		0.004	99.0		30775		31074		0
44	657.0		0.004	99.0		30795		31098		0
45	656.0		0.004	99.0		30816		31133		0
46	655.0		0.004	99.0		30857		31176		0
47	654.0		0.004	99.0		30908		31230		0
48	653.0		0.005	99.0		30964		31288		0
49	652.0		0.005	98.9		31017		31352		0
50	651.0		0.005	98.9		31094		31426		0
51	650.0		0.005	98.9		31200		31534		0
52	649.0		0.005	98.9		31314		31654		0
53	648.0		0.005	99.0		31438		31777		0
54	647.0		0.005	99.0		31559		31895		0
55	646.0		0.005	99.0		31686		32027		0
56	645.0		0.005	99.0		31818		32162		0
57	644.0		0.005	99.0		31959		32305		0
58	643.0		0.005	98.9		32104		32455		0
59	642.0		0.005	98.9		32244		32605		0
60	641.0		0.005	98.9		32411		32774		0
61	640.0		0.005	98.9		32594		32958		0
62	639.0		0.005	98.9		32798		33172		0
63	638.0		0.005	98.9		33021		33394		0
64	637.0		0.005	98.9		33243		33614		0
65	636.0		0.005	98.9		33461		33836		0
66	635.0		0.005	98.9		33676		34048		0
67	634.0		0.005	98.9		33883		34267		0
68	633.0		0.005	98.9		34090		34486		0
69	632.0		0.005	98.9		34313		34706		0
70	631.0		0.005	98.9		34543		34940		0
71	630.0		0.005	98.9		34776		35200		0
72	629.0		0.005	98.9		35042		35462		0
73	628.0		0.005	98.8		35311		35749		0
74	627.0		0.005	98.8		35589		36028		0
75	626.0		0.005	98.8		35882		36321		0
76	625.0		0.005	98.8		36176		36615		0
77	624.0		0.005	98.8		36454		36896		0
78	623.0		0.005	98.8		36711		37185		0
79	622.0		0.005	98.8		36994		37477		0
80	621.0		0.005	98.8		37286		37777		0
81	620.0		0.005	98.8		37606		38077		0
82	619.0		0.005	98.8		37932		38405		0
83	618.0		0.005	98.8		38240		38739		0
84	617.0		0.005	98.8		38548		39058		0
85	616.0		0.005	98.7		38892		39404		0
86	615.0		0.006	98.7		39252		39768		0
87	614.0		0.006	98.7		39610		40132		0
88	613.0		0.006	98.7		39943		40486		0
89	612.0		0.006	98.7		40285		40817		0
90	611.0		0.006	98.7		40602		41147		0
91	610.0		0.006	98.7		40928		41488		0
92	609.0		0.006	98.7		41251		41823		0
93	608.0		0.006	98.7		41540		42106		0
94	607.0		0.006	98.6		41788		42370		0
95	606.0		0.006	98.6		41982		42590		0
96	605.0		0.006	98.6		42147		42757		0
97	604.0		0.006	98.6		42254		42864		0
98	603.0		0.006	98.6		42274		42896		0
99	602.0		0.006	98.6		42211		42838		0
100	601.0		0.006	98.5		42059		42696		0
101	600.0		0.006	98.5		41847		42488		0
102	599.0		0.007	98.5		41553		42178		0
103	598.0		0.007	98.5		41148		41781		0
104	597.0		0.007	98.5		40622		41270		0
105	596.0		0.007	98.4		40025		40652		0
106	595.0		0.007	98.4		39319		39965		0
107	594.0		0.007	98.4		38546		39173		0
108	593.0		0.007	98.4		37691		38326		0
109	592.0		0.007	98.3		36767		37388		0
110	591.0		0.007	98.3		35788		36370		0
111	590.0		0.008	98.3		34764		35392		0
112	589.0		0.008	98.3		33828		34445		0
113	588.0		0.008	98.2		32936		33528		0
114	587.0		0.008	98.2		32088		32647		0
115	586.0		0.008	98.2		31278		31851		0
116	585.0		0.008	98.2		30468		31030		0
117	584.0		0.008	98.2		29735		30278		0
118	583.0		0.008	98.1		29039		29612		0
119	582.0		0.008	98.1		28396		28960		0
120	581.0		0.009	98.1		27854		28404		0
121	580.0		0.009	98.0		27350		27898		0
122	579.0		0.009	98.0		26914		27438		0
123	578.0		0.009	98.0		26509		27062		0
124	577.0		0.009	97.9		26213		26766		0
125	576.0		0.009	97.9		26002		26560		0
126	575.0		0.009	97.9		25856		26427		0
127	574.0		0.010	97.8		25792		26372		0
128	573.0		0.010	97.8		25821		26411		0
129	572.0		0.010	97.8		25953		26566		0
130	571.0		0.010	97.7		26226		26857		0
131	570.0		0.010	97.7		26716		27368		0
132	569.0		0.010	97.7		27529		28217		0
133	568.0		0.010	97.6		28678		29386		0
134	567.0		0.011	97.6		29733		30473		0
135	566.0		0.011	97.5		30486		31249		0
136	565.0		0.011	97.5		31019		31828		0
137	564.0		0.011	97.5		31420		32257		0
138	563.0		0.011	97.4		31709		32574		0
139	562.0		0.012	97.4		31871		32754		0
140	561.0		0.012	97.3		31890		32800		0
141	560.0		0.012	97.2		31772		32698		0
142	559.0		0.012	97.2		31510		32447		0
143	558.0		0.013	97.1		31100		32034		0
144	557.0		0.013	97.0		30561		31517		0
145	556.0		0.013	97.0		29860		30818		0
146	555.0		0.014	96.9		29020		29954		0
147	554.0		0.014	96.8		28057		29033		0
148	553.0		0.014	96.7		27063		28029		0
149	552.0		0.015	96.6		26127		27033		0
150	551.0		0.015	96.5		25180		26079		0
151	550.0		0.016	96.4		24257		25208		0
152	549.0		0.017	96.2		25319		26332		0
153	548.0		0.017	96.1		24747		25743		0
154	547.0		0.018	96.0		24193		25199		0
155	546.0		0.018	95.9		23618		24664		0
156	545.0		0.019	95.7		23069		24097		0
157	544.0		0.020	95.6		22590		23630		0
158	543.0		0.020	95.5		22338		23411		0
159	542.0		0.021	95.3		22293		23406		0
160	541.0		0.022	95.1		22237		23382		0
161	540.0		0.022	95.0		22149		23333		0
162	539.0		0.023	94.8		22048		23267		0
163	538.0		0.024	94.6		21928		23185		0
164	537.0		0.025	94.5		21788		23075		0
165	536.0		0.026	94.3		21624		22950		0
166	535.0		0.026	94.1		21471		22823		0
167	534.0		0.027	93.9		21293		22695		0
168	533.0		0.029	93.6		21104		22548		0
169	532.0		0.030	93.4		20902		22400		0
170	531.0		0.031	93.1		20692		22244		0
171	530.0		0.032	92.8		20486		22086		0
172	529.0		0.034	92.5		20286		21931		0
173	528.0		0.035	92.2		20087		21793		0
174	527.0		0.037	91.9		19886		21645		0
175	526.0		0.038	91.6		19677		21499		0
176	525.0		0.040	91.3		19468		21350		0
177	524.0		0.042	90.9		19252		21193		0
178	523.0		0.043	90.5		19024		21042		0
179	522.0		0.045	90.1		18805		20888		0
180	521.0		0.047	89.7		18591		20745		0
181	520.0		0.050	89.2		18364		20597		0
182	519.0		0.052	88.7		18135		20450		0
183	518.0		0.054	88.3		17900		20291		0
184	517.0		0.057	87.7		17665		20150		0
185	516.0		0.059	87.2		17437		20004		0
186	515.0		0.062	86.7		17213		19872		0
187	514.0		0.065	86.2		16991		19727		0
188	513.0		0.067	85.6		16756		19579		0
189	512.0		0.070	85.0		16520		19438		0
190	511.0		0.073	84.5		16302		19301		0
191	510.0		0.076	83.9		16080		19178		0
192	509.0		0.080	83.2		15856		19056		0
193	508.0		0.083	82.6		15626		18937		0
194	507.0		0.087	81.9		15384		18804		0
195	506.0		0.091	81.2		15144		18667		0
196	505.0		0.094	80.5		14905		18537		0
197	504.0		0.098	79.8		14673		18414		0
198	503.0		0.102	79.1		14449		18292		0
199	502.0		0.106	78.4		14229		18168		0
200	501.0		0.110	77.7		14010		18053		0
201	500.0		0.114	76.9		13792		17943		0
202	499.0		0.118	76.2		13581		17836		0
203	498.0		0.122	75.5		27042		35806		0
204	497.0		0.126	74.8		26599		35576		0
205	496.0		0.131	74.0		26148		35344		0
206	495.0		0.135	73.2		25700		35109		0
207	494.0		0.140	72.5		25228		34847		0
208	493.0		0.145	71.7		24762		34583		0
209	492.0		0.149	70.9		24325		34346		0
210	491.0		0.154	70.2		23930		34124		0
211	490.0		0.158	69.5		23542		33917		0
212	489.0		0.163	68.8		23159		33710		0
213	488.0		0.167	68.1		22771		33498		0
214	487.0		0.172	67.4		22399		33280		0
215	486.0		0.176	66.7		22043		33069		0
216	485.0		0.180	66.0		21678		32861		0
217	484.0		0.185	65.3		21322		32645		0
218	483.0		0.189	64.7		20936		32411		0
219	482.0		0.194	64.0		20543		32157		0
220	481.0		0.198	63.3		20201		31935		0
221	480.0		0.203	62.7		19872		31715		0
222	479.0		0.206	62.2		19571		31513		0
223	478.0		0.210	61.6		19269		31299		0
224	477.0		0.214	61.1		18979		31083		0
225	476.0		0.218	60.6		18685		30855		0
226	475.0		0.221	60.1		18404		30628		0
227	474.0		0.224	59.7		18121		30402		0
228	473.0		0.228	59.2		17843		30165		0
229	472.0		0.231	58.8		17565		29915		0
230	471.0		0.234	58.4		17297		29651		0
231	470.0		0.237	58.0		17021		29382		0
232	469.0		0.239	57.7		16775		29126		0
233	468.0		0.242	57.3		16534		28879		0
234	467.0		0.244	57.1		16318		28612		0
235	466.0		0.246	56.8		16085		28352		0
236	465.0		0.247	56.6		15869		28081		0
237	464.0		0.249	56.4		15652		27789		0
238	463.0		0.250	56.2		15436		27467		0
239	462.0		0.251	56.1		15216		27144		0
240	461.0		0.252	56.0		15004		26844		0
241	460.0		0.252	55.9		14794		26492		0
242	459.0		0.253	55.9		14583		26137		0
243	458.0		0.253	55.9		14363		25742		0
244	457.0		0.253	55.9		14149		25365		0
245	456.0		0.253	55.9		13951		24993		0
246	455.0		0.252	56.0		13757		24599		0
247	454.0		0.251	56.1		13565		24222		0
248	453.0		0.250	56.2		13368		23826		0
249	452.0		0.249	56.4		13175		23408		0
250	451.0		0.248	56.5		12998		23016		0
251	450.0		0.246	56.7		12826		22635		0
252	449.0		0.244	57.0		12654		22245		0
253	448.0		0.242	57.2		12485		21859		0
254	447.0		0.240	57.5		12328		21428		0
255	446.0		0.237	57.9		12161		21031		0
256	445.0		0.235	58.2		12011		20638		0
257	444.0		0.232	58.6		11882		20300		0
258	443.0		0.229	59.0		11764		19958		0
259	442.0		0.226	59.4		11660		19652		0
260	441.0		0.223	59.9		11572		19372		0
261	440.0		0.220	60.3		11501		19090		0
262	439.0		0.216	60.8		11440		18852		0
263	438.0		0.213	61.3		11386		18609		0
264	437.0		0.209	61.8		11334		18383		0
265	436.0		0.205	62.4		11287		18136		0
266	435.0		0.201	63.0		11236		17885		0
267	434.0		0.197	63.6		22734		35837		0
268	433.0		0.192	64.2		22617		35299		0
269	432.0		0.188	64.8		22492		34768		0
270	431.0		0.184	65.5		22352		34233		0
271	430.0		0.179	66.2		22215		33689		0
272	429.0		0.174	67.0		22866		34108		0
273	428.0		0.170	67.7		23173		34257		0
274	427.0		0.165	68.4		23474		34388		0
275	426.0		0.161	69.0		23762		34485		0
276	425.0		0.157	69.6		24031		34569		0
277	424.0		0.153	70.3		24315		34640		0
278	423.0		0.149	71.0		24589		34676		0
279	422.0		0.144	71.7		24858		34681		0
280	421.0		0.140	72.4		25089		34666		0
281	420.0		0.136	73.1		25287		34622		0
282	419.0		0.132	73.8		25464		34557		0
283	418.0		0.128	74.4		25611		34464		0
284	417.0		0.124	75.1		25750		34340		0
285	416.0		0.121	75.7		25871		34196		0
286	415.0		0.117	76.4		25964		34037		0
287	414.0		0.114	77.0		26028		33860		0
288	413.0		0.110	77.6		26074		33648		0
289	412.0		0.107	78.2		26098		33422		0
290	411.0		0.103	78.8		26105		33158		0
291	410.0		0.100	79.4		26094		32901		0
292	409.0		0.097	80.0		26062		32604		0
293	408.0		0.094	80.5		25998		32320		0
294	407.0		0.092	81.0		25917		32023		0
295	406.0		0.089	81.5		25809		31728		0
296	405.0		0.087	81.9		25683		31396		0
297	404.0		0.085	82.3		25531		31069		0
298	403.0		0.083	82.6		25361		30710		0
299	402.0		0.081	82.9		25155		30373		0
300	401.0		0.080	83.1		24935		29991		0
301	400.0		0.080	83.3		24674		29615		0
