23MS146.wls
Scan Wavelength: 400.0 nm - 700.0 nm  Test Mode: Abs Mode  Test Time:06-09-2024 15:27:47
Peak/Valley Data Record
No.	Wavelength(nm)	Abs	Trans(%T)	Energy	Energy(100%T)	Energy(0%T)
No Peak/Valley Data.
Wavelength Scan Data Record
No.	Wavelength(nm)	Abs	Trans(%T)	Energy	Energy(100%T)	Energy(0%T)
1	700.0		0.001	99.8		35556		34153		0
2	699.0		0.001	99.7		35513		34743		0
3	698.0		0.002	99.5		35451		35305		0
4	697.0		0.003	99.3		35370		35717		0
5	696.0		0.004	99.2		35279		35634		0
6	695.0		0.004	99.1		35167		35517		0
7	694.0		0.004	99.1		35051		35399		0
8	693.0		0.004	99.1		34913		35252		0
9	692.0		0.004	99.1		34769		35096		0
10	691.0		0.004	99.1		34626		34940		0
11	690.0		0.004	99.1		34491		34808		0
12	689.0		0.004	99.1		34342		34665		0
13	688.0		0.004	99.1		34183		34496		0
14	687.0		0.004	99.1		34013		34326		0
15	686.0		0.004	99.1		33830		34133		0
16	685.0		0.004	99.1		33655		33955		0
17	684.0		0.004	99.1		33450		33767		0
18	683.0		0.004	99.1		33250		33563		0
19	682.0		0.004	99.1		33050		33365		0
20	681.0		0.004	99.1		32861		33174		0
21	680.0		0.004	99.2		32697		33002		0
22	679.0		0.004	99.1		32526		32827		0
23	678.0		0.004	99.1		32355		32666		0
24	677.0		0.004	99.1		32194		32508		0
25	676.0		0.004	99.1		32026		32346		0
26	675.0		0.004	99.1		31865		32163		0
27	674.0		0.004	99.1		31691		31986		0
28	673.0		0.004	99.1		31519		31815		0
29	672.0		0.004	99.1		31380		31671		0
30	671.0		0.004	99.1		31255		31547		0
31	670.0		0.004	99.1		31162		31456		0
32	669.0		0.004	99.1		31066		31374		0
33	668.0		0.004	99.1		30988		31293		0
34	667.0		0.004	99.1		30907		31220		0
35	666.0		0.004	99.1		30835		31151		0
36	665.0		0.004	99.1		30779		31086		0
37	664.0		0.004	99.1		30730		31038		0
38	663.0		0.004	99.1		30667		30977		0
39	662.0		0.004	99.1		30617		30931		0
40	661.0		0.004	99.1		30595		30912		0
41	660.0		0.004	99.1		30611		30921		0
42	659.0		0.004	99.1		30637		30948		0
43	658.0		0.004	99.1		30660		30978		0
44	657.0		0.004	99.1		30679		31004		0
45	656.0		0.004	99.0		30710		31042		0
46	655.0		0.004	99.0		30748		31073		0
47	654.0		0.004	99.0		30802		31126		0
48	653.0		0.004	99.0		30844		31174		0
49	652.0		0.004	99.0		30900		31226		0
50	651.0		0.004	99.0		30974		31306		0
51	650.0		0.004	99.0		31073		31412		0
52	649.0		0.004	99.0		31191		31533		0
53	648.0		0.004	99.0		31308		31661		0
54	647.0		0.005	99.0		31431		31785		0
55	646.0		0.005	99.0		31560		31918		0
56	645.0		0.005	99.0		31687		32046		0
57	644.0		0.005	98.9		31821		32194		0
58	643.0		0.005	98.9		31963		32342		0
59	642.0		0.005	98.9		32113		32502		0
60	641.0		0.005	98.9		32271		32660		0
61	640.0		0.005	98.9		32459		32854		0
62	639.0		0.005	98.9		32660		33063		0
63	638.0		0.005	98.9		32880		33290		0
64	637.0		0.005	98.9		33097		33508		0
65	636.0		0.005	98.8		33305		33731		0
66	635.0		0.005	98.8		33518		33936		0
67	634.0		0.005	98.8		33715		34146		0
68	633.0		0.005	98.8		33935		34370		0
69	632.0		0.005	98.8		34150		34601		0
70	631.0		0.005	98.8		34386		34845		0
71	630.0		0.005	98.8		34642		35103		0
72	629.0		0.005	98.8		34875		35338		0
73	628.0		0.005	98.8		35137		35608		0
74	627.0		0.005	98.8		35426		35903		0
75	626.0		0.005	98.8		35710		36197		0
76	625.0		0.005	98.7		36000		36489		0
77	624.0		0.006	98.7		36270		36784		0
78	623.0		0.006	98.7		36541		37073		0
79	622.0		0.006	98.7		36822		37348		0
80	621.0		0.006	98.7		37107		37631		0
81	620.0		0.006	98.7		37416		37972		0
82	619.0		0.006	98.6		37731		38292		0
83	618.0		0.006	98.6		38035		38598		0
84	617.0		0.006	98.6		38338		38940		0
85	616.0		0.006	98.6		38672		39286		0
86	615.0		0.006	98.6		39028		39638		0
87	614.0		0.006	98.6		39384		40008		0
88	613.0		0.006	98.5		39719		40362		0
89	612.0		0.006	98.5		40045		40687		0
90	611.0		0.007	98.5		40370		41033		0
91	610.0		0.007	98.5		40684		41364		0
92	609.0		0.007	98.5		40996		41687		0
93	608.0		0.007	98.5		41288		41981		0
94	607.0		0.007	98.5		41529		42240		0
95	606.0		0.007	98.4		41735		42446		0
96	605.0		0.007	98.4		41896		42621		0
97	604.0		0.007	98.4		41994		42725		0
98	603.0		0.007	98.4		42016		42754		0
99	602.0		0.007	98.4		41955		42694		0
100	601.0		0.007	98.4		41805		42547		0
101	600.0		0.007	98.3		41589		42339		0
102	599.0		0.007	98.3		41293		42040		0
103	598.0		0.008	98.3		40893		41641		0
104	597.0		0.008	98.3		40379		41131		0
105	596.0		0.008	98.2		39773		40512		0
106	595.0		0.008	98.2		39053		39810		0
107	594.0		0.008	98.2		38305		39060		0
108	593.0		0.008	98.2		37462		38162		0
109	592.0		0.008	98.2		36530		37228		0
110	591.0		0.008	98.2		35545		36219		0
111	590.0		0.008	98.1		34609		35268		0
112	589.0		0.008	98.1		33607		34288		0
113	588.0		0.008	98.1		32708		33392		0
114	587.0		0.009	98.0		31856		32525		0
115	586.0		0.009	98.0		31063		31705		0
116	585.0		0.009	98.0		30267		30909		0
117	584.0		0.009	98.0		29538		30171		0
118	583.0		0.009	98.0		28850		29467		0
119	582.0		0.009	98.0		28232		28830		0
120	581.0		0.009	97.9		27663		28255		0
121	580.0		0.009	97.9		27160		27760		0
122	579.0		0.009	97.9		26702		27322		0
123	578.0		0.009	97.9		26330		26931		0
124	577.0		0.010	97.8		26033		26636		0
125	576.0		0.010	97.8		25815		26421		0
126	575.0		0.010	97.8		25680		26288		0
127	574.0		0.010	97.8		25624		26234		0
128	573.0		0.010	97.7		25646		26273		0
129	572.0		0.010	97.7		25781		26422		0
130	571.0		0.010	97.6		26041		26721		0
131	570.0		0.011	97.6		26518		27220		0
132	569.0		0.011	97.6		27385		28106		0
133	568.0		0.011	97.5		28510		29249		0
134	567.0		0.011	97.5		29533		30331		0
135	566.0		0.011	97.4		30233		31095		0
136	565.0		0.011	97.4		30794		31679		0
137	564.0		0.012	97.3		31213		32121		0
138	563.0		0.012	97.3		31496		32420		0
139	562.0		0.012	97.2		31648		32591		0
140	561.0		0.012	97.2		31673		32618		0
141	560.0		0.013	97.1		31561		32522		0
142	559.0		0.013	97.1		31308		32272		0
143	558.0		0.013	97.0		30902		31879		0
144	557.0		0.013	97.0		30353		31333		0
145	556.0		0.014	96.9		29667		30630		0
146	555.0		0.014	96.8		28830		29825		0
147	554.0		0.014	96.7		27865		28819		0
148	553.0		0.015	96.6		26869		27855		0
149	552.0		0.015	96.5		25916		26900		0
150	551.0		0.016	96.5		25014		25943		0
151	550.0		0.016	96.4		24089		25044		0
152	549.0		0.016	96.3		25141		26134		0
153	548.0		0.017	96.2		24592		25573		0
154	547.0		0.017	96.1		24010		25007		0
155	546.0		0.018	96.0		23482		24473		0
156	545.0		0.019	95.8		22913		23930		0
157	544.0		0.019	95.7		22417		23461		0
158	543.0		0.020	95.5		22179		23233		0
159	542.0		0.021	95.4		22126		23225		0
160	541.0		0.021	95.2		22064		23205		0
161	540.0		0.022	95.0		21977		23158		0
162	539.0		0.023	94.8		21874		23088		0
163	538.0		0.024	94.6		21752		23003		0
164	537.0		0.025	94.4		21599		22898		0
165	536.0		0.026	94.2		21441		22775		0
166	535.0		0.027	94.0		21274		22651		0
167	534.0		0.028	93.8		21096		22514		0
168	533.0		0.029	93.5		20907		22386		0
169	532.0		0.030	93.2		20702		22234		0
170	531.0		0.032	92.9		20493		22068		0
171	530.0		0.033	92.6		20270		21916		0
172	529.0		0.035	92.3		20065		21763		0
173	528.0		0.036	92.0		19864		21623		0
174	527.0		0.038	91.6		19654		21474		0
175	526.0		0.040	91.3		19444		21335		0
176	525.0		0.042	90.9		19227		21172		0
177	524.0		0.043	90.5		19004		21023		0
178	523.0		0.045	90.1		18782		20860		0
179	522.0		0.047	89.7		18550		20708		0
180	521.0		0.050	89.2		18329		20562		0
181	520.0		0.052	88.7		18100		20417		0
182	519.0		0.054	88.2		17877		20268		0
183	518.0		0.057	87.7		17624		20116		0
184	517.0		0.060	87.1		17383		19967		0
185	516.0		0.062	86.6		17153		19825		0
186	515.0		0.065	86.0		16930		19692		0
187	514.0		0.068	85.5		16695		19552		0
188	513.0		0.071	84.9		16456		19406		0
189	512.0		0.074	84.3		16217		19264		0
190	511.0		0.077	83.7		15987		19130		0
191	510.0		0.081	83.0		15768		19000		0
192	509.0		0.084	82.4		15550		18887		0
193	508.0		0.088	81.7		15330		18759		0
194	507.0		0.091	81.0		15082		18627		0
195	506.0		0.095	80.3		14828		18493		0
196	505.0		0.099	79.6		14591		18364		0
197	504.0		0.103	78.8		14355		18238		0
198	503.0		0.107	78.1		14124		18113		0
199	502.0		0.111	77.4		13908		17994		0
200	501.0		0.116	76.6		13685		17878		0
201	500.0		0.120	75.9		13464		17762		0
202	499.0		0.124	75.2		13252		17656		0
203	498.0		0.128	74.4		26356		35452		0
204	497.0		0.133	73.7		25943		35236		0
205	496.0		0.137	72.9		25486		35002		0
206	495.0		0.142	72.1		25041		34756		0
207	494.0		0.147	71.3		24556		34506		0
208	493.0		0.152	70.5		24105		34243		0
209	492.0		0.157	69.7		23679		33998		0
210	491.0		0.161	69.0		23289		33776		0
211	490.0		0.166	68.3		22887		33574		0
212	489.0		0.170	67.5		22517		33362		0
213	488.0		0.175	66.8		22122		33143		0
214	487.0		0.180	66.1		21751		32931		0
215	486.0		0.184	65.4		21397		32734		0
216	485.0		0.189	64.8		21047		32528		0
217	484.0		0.193	64.1		20678		32303		0
218	483.0		0.198	63.4		20304		32058		0
219	482.0		0.202	62.7		19922		31824		0
220	481.0		0.207	62.1		19571		31584		0
221	480.0		0.211	61.5		19262		31377		0
222	479.0		0.215	60.9		18952		31177		0
223	478.0		0.219	60.4		18662		30978		0
224	477.0		0.223	59.8		18374		30750		0
225	476.0		0.227	59.3		18072		30524		0
226	475.0		0.230	58.8		17794		30289		0
227	474.0		0.234	58.4		17535		30069		0
228	473.0		0.237	58.0		17267		29816		0
229	472.0		0.240	57.5		16991		29563		0
230	471.0		0.243	57.1		16726		29303		0
231	470.0		0.246	56.8		16468		29039		0
232	469.0		0.249	56.4		16216		28786		0
233	468.0		0.251	56.1		15976		28535		0
234	467.0		0.253	55.8		15766		28272		0
235	466.0		0.255	55.6		15550		28003		0
236	465.0		0.257	55.4		15335		27722		0
237	464.0		0.258	55.2		15122		27439		0
238	463.0		0.259	55.0		14911		27133		0
239	462.0		0.260	54.9		14710		26829		0
240	461.0		0.261	54.8		14495		26487		0
241	460.0		0.262	54.7		14296		26174		0
242	459.0		0.262	54.7		14095		25814		0
243	458.0		0.262	54.7		13882		25423		0
244	457.0		0.262	54.7		13675		25034		0
245	456.0		0.262	54.7		13481		24670		0
246	455.0		0.261	54.8		13297		24288		0
247	454.0		0.260	54.9		13114		23901		0
248	453.0		0.259	55.1		12928		23517		0
249	452.0		0.258	55.2		12746		23105		0
250	451.0		0.256	55.4		12571		22713		0
251	450.0		0.255	55.6		12411		22332		0
252	449.0		0.253	55.9		12247		21942		0
253	448.0		0.250	56.2		12088		21570		0
254	447.0		0.248	56.5		11935		21164		0
255	446.0		0.245	56.8		11782		20753		0
256	445.0		0.242	57.2		11639		20382		0
257	444.0		0.239	57.6		11513		20016		0
258	443.0		0.236	58.0		11406		19684		0
259	442.0		0.233	58.5		11311		19395		0
260	441.0		0.230	58.9		11230		19093		0
261	440.0		0.226	59.4		11165		18828		0
262	439.0		0.223	59.9		11106		18574		0
263	438.0		0.219	60.4		11059		18341		0
264	437.0		0.215	60.9		11013		18100		0
265	436.0		0.211	61.5		10972		17865		0
266	435.0		0.207	62.1		10929		17614		0
267	434.0		0.202	62.8		22125		35290		0
268	433.0		0.198	63.4		22018		34762		0
269	432.0		0.194	64.0		21904		34256		0
270	431.0		0.189	64.7		21785		33735		0
271	430.0		0.184	65.5		21654		33195		0
272	429.0		0.179	66.3		22294		33586		0
273	428.0		0.174	67.0		22594		33728		0
274	427.0		0.169	67.8		22906		33846		0
275	426.0		0.165	68.4		23192		33949		0
276	425.0		0.160	69.1		23482		34017		0
277	424.0		0.156	69.8		23757		34076		0
278	423.0		0.151	70.6		24025		34106		0
279	422.0		0.147	71.3		24292		34112		0
280	421.0		0.143	72.0		24529		34086		0
281	420.0		0.138	72.7		24731		34051		0
282	419.0		0.134	73.4		24910		33987		0
283	418.0		0.130	74.0		25071		33895		0
284	417.0		0.127	74.7		25202		33782		0
285	416.0		0.123	75.4		25322		33630		0
286	415.0		0.119	76.0		25411		33469		0
287	414.0		0.115	76.7		25488		33275		0
288	413.0		0.112	77.3		25536		33081		0
289	412.0		0.108	77.9		25563		32847		0
290	411.0		0.105	78.5		25569		32596		0
291	410.0		0.102	79.1		25554		32322		0
292	409.0		0.099	79.7		25518		32056		0
293	408.0		0.096	80.2		25460		31778		0
294	407.0		0.093	80.7		25378		31479		0
295	406.0		0.091	81.1		25277		31181		0
296	405.0		0.089	81.6		25144		30858		0
297	404.0		0.087	81.9		24994		30524		0
298	403.0		0.085	82.2		24808		30185		0
299	402.0		0.083	82.5		24598		29824		0
300	401.0		0.083	82.7		24379		29474		0
301	400.0		0.082	82.8		24112		29106		0
