23MS111.wls
Scan Wavelength: 190.0 nm - 1100.0 nm  Test Mode: Abs Mode  Test Time:22-10-2024 14:29:50
Peak/Valley Data Record
No.	Wavelength(nm)	Abs	Trans(%T)	Energy	Energy(100%T)	Energy(0%T)
No Peak/Valley Data.
Wavelength Scan Data Record
No.	Wavelength(nm)	Abs	Trans(%T)	Energy	Energy(100%T)	Energy(0%T)
1	700.0		0.033	92.8		32776		34187		0
2	699.0		0.029	93.6		33316		34788		0
3	698.0		0.026	94.2		33839		35375		0
4	697.0		0.023	94.9		34126		35767		0
5	696.0		0.022	95.1		33982		35674		0
6	695.0		0.022	95.0		33822		35566		0
7	694.0		0.023	94.8		33648		35448		0
8	693.0		0.024	94.6		33461		35304		0
9	692.0		0.025	94.4		33248		35164		0
10	691.0		0.026	94.2		33043		35012		0
11	690.0		0.027	94.0		32838		34878		0
12	689.0		0.028	93.8		32630		34732		0
13	688.0		0.029	93.6		32406		34574		0
14	687.0		0.030	93.3		32147		34398		0
15	686.0		0.031	93.1		31890		34217		0
16	685.0		0.032	92.8		31615		34034		0
17	684.0		0.034	92.5		31362		33839		0
18	683.0		0.035	92.2		31073		33636		0
19	682.0		0.036	92.0		30802		33439		0
20	681.0		0.038	91.7		30523		33253		0
21	680.0		0.039	91.4		30266		33084		0
22	679.0		0.041	91.0		30004		32907		0
23	678.0		0.042	90.7		29745		32740		0
24	677.0		0.044	90.4		29491		32582		0
25	676.0		0.046	90.0		29219		32424		0
26	675.0		0.048	89.6		28953		32243		0
27	674.0		0.049	89.2		28659		32067		0
28	673.0		0.051	88.8		28375		31897		0
29	672.0		0.053	88.4		28125		31757		0
30	671.0		0.055	88.0		27892		31632		0
31	670.0		0.057	87.6		27668		31535		0
32	669.0		0.060	87.2		27457		31450		0
33	668.0		0.062	86.7		27245		31374		0
34	667.0		0.064	86.3		27038		31303		0
35	666.0		0.067	85.8		26836		31236		0
36	665.0		0.069	85.3		26642		31180		0
37	664.0		0.072	84.8		26439		31127		0
38	663.0		0.074	84.3		26217		31068		0
39	662.0		0.077	83.7		26004		31019		0
40	661.0		0.080	83.2		25819		30999		0
41	660.0		0.083	82.6		25660		31008		0
42	659.0		0.086	82.1		25503		31035		0
43	658.0		0.089	81.5		25353		31063		0
44	657.0		0.092	80.9		25203		31097		0
45	656.0		0.095	80.3		25045		31135		0
46	655.0		0.098	79.8		24904		31176		0
47	654.0		0.101	79.2		24761		31221		0
48	653.0		0.105	78.6		24616		31277		0
49	652.0		0.108	77.9		24461		31334		0
50	651.0		0.112	77.3		24311		31412		0
51	650.0		0.116	76.6		24174		31520		0
52	649.0		0.120	75.9		24058		31642		0
53	648.0		0.123	75.3		23944		31767		0
54	647.0		0.127	74.6		23837		31885		0
55	646.0		0.131	74.0		23729		32019		0
56	645.0		0.135	73.3		23617		32152		0
57	644.0		0.139	72.7		23508		32301		0
58	643.0		0.143	72.0		23399		32452		0
59	642.0		0.147	71.4		23299		32606		0
60	641.0		0.151	70.7		23204		32774		0
61	640.0		0.155	70.0		23116		32963		0
62	639.0		0.159	69.3		23028		33168		0
63	638.0		0.164	68.6		22947		33396		0
64	637.0		0.168	67.9		22859		33614		0
65	636.0		0.173	67.2		22774		33831		0
66	635.0		0.177	66.5		22699		34059		0
67	634.0		0.181	65.9		22623		34265		0
68	633.0		0.185	65.2		22540		34493		0
69	632.0		0.190	64.6		22456		34721		0
70	631.0		0.194	63.9		22384		34964		0
71	630.0		0.199	63.3		22319		35210		0
72	629.0		0.203	62.6		22258		35470		0
73	628.0		0.208	62.0		22197		35732		0
74	627.0		0.212	61.3		22134		36023		0
75	626.0		0.217	60.7		22070		36327		0
76	625.0		0.222	60.0		22010		36620		0
77	624.0		0.226	59.4		21950		36924		0
78	623.0		0.231	58.8		21900		37187		0
79	622.0		0.235	58.2		21848		37474		0
80	621.0		0.239	57.6		21795		37774		0
81	620.0		0.244	57.0		21757		38103		0
82	619.0		0.248	56.5		21725		38415		0
83	618.0		0.252	55.9		21694		38743		0
84	617.0		0.257	55.4		21666		39079		0
85	616.0		0.261	54.8		21640		39415		0
86	615.0		0.266	54.2		21608		39767		0
87	614.0		0.270	53.7		21573		40148		0
88	613.0		0.275	53.1		21537		40496		0
89	612.0		0.279	52.6		21503		40847		0
90	611.0		0.283	52.1		21476		41183		0
91	610.0		0.287	51.6		21447		41520		0
92	609.0		0.292	51.1		21410		41854		0
93	608.0		0.296	50.6		21354		42154		0
94	607.0		0.300	50.1		21282		42401		0
95	606.0		0.304	49.7		21198		42620		0
96	605.0		0.308	49.2		21088		42796		0
97	604.0		0.312	48.7		20948		42905		0
98	603.0		0.316	48.3		20753		42932		0
99	602.0		0.321	47.8		20518		42866		0
100	601.0		0.325	47.3		20252		42718		0
101	600.0		0.329	46.9		19956		42496		0
102	599.0		0.333	46.5		19633		42202		0
103	598.0		0.337	46.0		19271		41810		0
104	597.0		0.341	45.6		18854		41286		0
105	596.0		0.345	45.2		18395		40677		0
106	595.0		0.349	44.8		17936		39949		0
107	594.0		0.353	44.4		17427		39166		0
108	593.0		0.357	44.0		16883		38290		0
109	592.0		0.361	43.5		16288		37357		0
110	591.0		0.365	43.1		15734		36389		0
111	590.0		0.370	42.7		15129		35365		0
112	589.0		0.374	42.3		14557		34446		0
113	588.0		0.378	41.8		14039		33508		0
114	587.0		0.383	41.4		13554		32649		0
115	586.0		0.387	41.1		13094		31834		0
116	585.0		0.391	40.7		12637		31040		0
117	584.0		0.395	40.3		12224		30291		0
118	583.0		0.399	39.9		11808		29596		0
119	582.0		0.404	39.5		11453		28955		0
120	581.0		0.408	39.1		11098		28383		0
121	580.0		0.413	38.7		10797		27892		0
122	579.0		0.418	38.2		10502		27440		0
123	578.0		0.422	37.8		10237		27052		0
124	577.0		0.427	37.4		10009		26756		0
125	576.0		0.432	37.0		9820		26554		0
126	575.0		0.437	36.6		9672		26420		0
127	574.0		0.442	36.2		9546		26376		0
128	573.0		0.447	35.8		9455		26418		0
129	572.0		0.451	35.4		9404		26573		0
130	571.0		0.456	35.0		9401		26868		0
131	570.0		0.461	34.6		9471		27391		0
132	569.0		0.466	34.2		9669		28267		0
133	568.0		0.472	33.8		9948		29440		0
134	567.0		0.477	33.4		10183		30488		0
135	566.0		0.482	32.9		10312		31314		0
136	565.0		0.488	32.5		10374		31892		0
137	564.0		0.493	32.2		10395		32305		0
138	563.0		0.498	31.8		10373		32623		0
139	562.0		0.503	31.4		10313		32794		0
140	561.0		0.508	31.1		10208		32838		0
141	560.0		0.512	30.7		10067		32738		0
142	559.0		0.517	30.4		9881		32478		0
143	558.0		0.522	30.1		9655		32090		0
144	557.0		0.526	29.8		9392		31547		0
145	556.0		0.531	29.5		9090		30851		0
146	555.0		0.535	29.2		8746		30015		0
147	554.0		0.540	28.9		8378		29054		0
148	553.0		0.544	28.6		8017		28051		0
149	552.0		0.548	28.3		7673		27108		0
150	551.0		0.552	28.0		7336		26148		0
151	550.0		0.557	27.7		7018		25252		0
152	549.0		0.562	27.4		7162		26223		0
153	548.0		0.567	27.1		6956		25647		0
154	547.0		0.570	26.9		6750		25097		0
155	546.0		0.573	26.7		6558		24563		0
156	545.0		0.576	26.5		6374		24010		0
157	544.0		0.579	26.4		6210		23539		0
158	543.0		0.581	26.2		6114		23322		0
159	542.0		0.584	26.1		6082		23314		0
160	541.0		0.585	26.0		6050		23289		0
161	540.0		0.587	25.9		6016		23240		0
162	539.0		0.588	25.8		5980		23170		0
163	538.0		0.589	25.7		5943		23091		0
164	537.0		0.590	25.7		5908		22980		0
165	536.0		0.590	25.7		5874		22862		0
166	535.0		0.590	25.7		5840		22742		0
167	534.0		0.590	25.7		5807		22612		0
168	533.0		0.590	25.7		5778		22465		0
169	532.0		0.589	25.8		5751		22310		0
170	531.0		0.587	25.9		5725		22152		0
171	530.0		0.586	26.0		5709		21995		0
172	529.0		0.584	26.1		5698		21848		0
173	528.0		0.581	26.2		5689		21707		0
174	527.0		0.579	26.4		5686		21557		0
175	526.0		0.576	26.5		5685		21415		0
176	525.0		0.573	26.7		5686		21266		0
177	524.0		0.569	27.0		5692		21111		0
178	523.0		0.565	27.2		5702		20959		0
179	522.0		0.561	27.5		5716		20805		0
180	521.0		0.556	27.8		5734		20655		0
181	520.0		0.551	28.1		5758		20511		0
182	519.0		0.546	28.4		5789		20367		0
183	518.0		0.540	28.8		5825		20214		0
184	517.0		0.534	29.2		5866		20060		0
185	516.0		0.528	29.6		5908		19917		0
186	515.0		0.522	30.1		5952		19780		0
187	514.0		0.515	30.5		5998		19642		0
188	513.0		0.508	31.0		6050		19494		0
189	512.0		0.501	31.5		6107		19346		0
190	511.0		0.494	32.1		6166		19222		0
191	510.0		0.486	32.6		6230		19098		0
192	509.0		0.479	33.2		6298		18979		0
193	508.0		0.471	33.8		6371		18852		0
194	507.0		0.462	34.5		6457		18718		0
195	506.0		0.453	35.2		6541		18588		0
196	505.0		0.444	35.9		6633		18456		0
197	504.0		0.436	36.7		6724		18329		0
198	503.0		0.427	37.4		6815		18201		0
199	502.0		0.418	38.2		6906		18090		0
200	501.0		0.409	39.0		7001		17973		0
201	500.0		0.401	39.8		7100		17859		0
202	499.0		0.392	40.6		7206		17754		0
203	498.0		0.383	41.4		7305		17648		0
204	497.0		0.374	42.3		14984		35432		0
205	496.0		0.364	43.2		15205		35205		0
206	495.0		0.355	44.2		15440		34950		0
207	494.0		0.345	45.2		15682		34703		0
208	493.0		0.335	46.2		15920		34436		0
209	492.0		0.326	47.2		16151		34198		0
210	491.0		0.317	48.2		16374		33975		0
211	490.0		0.308	49.2		16606		33776		0
212	489.0		0.300	50.2		16825		33564		0
213	488.0		0.291	51.2		17063		33352		0
214	487.0		0.283	52.2		17296		33141		0
215	486.0		0.274	53.2		17510		32937		0
216	485.0		0.266	54.2		17740		32722		0
217	484.0		0.257	55.3		17957		32501		0
218	483.0		0.249	56.4		18197		32263		0
219	482.0		0.240	57.5		18425		32010		0
220	481.0		0.232	58.6		18642		31786		0
221	480.0		0.224	59.7		18858		31575		0
222	479.0		0.217	60.7		19055		31380		0
223	478.0		0.210	61.7		19231		31169		0
224	477.0		0.203	62.7		19411		30945		0
225	476.0		0.196	63.7		19580		30718		0
226	475.0		0.189	64.7		19734		30500		0
227	474.0		0.183	65.6		19874		30266		0
228	473.0		0.177	66.6		20001		30029		0
229	472.0		0.170	67.6		20123		29777		0
230	471.0		0.164	68.5		20233		29518		0
231	470.0		0.158	69.5		20330		29252		0
232	469.0		0.153	70.3		20409		29002		0
233	468.0		0.148	71.2		20465		28747		0
234	467.0		0.143	71.9		20500		28505		0
235	466.0		0.139	72.7		20513		28226		0
236	465.0		0.135	73.4		20503		27956		0
237	464.0		0.131	74.0		20479		27649		0
238	463.0		0.127	74.7		20426		27354		0
239	462.0		0.123	75.3		20349		27034		0
240	461.0		0.120	75.8		20249		26708		0
241	460.0		0.117	76.3		20133		26378		0
242	459.0		0.115	76.8		19978		26023		0
243	458.0		0.113	77.2		19796		25630		0
244	457.0		0.111	77.5		19586		25247		0
245	456.0		0.109	77.8		19360		24868		0
246	455.0		0.108	78.0		19121		24497		0
247	454.0		0.107	78.2		18867		24121		0
248	453.0		0.106	78.3		18568		23705		0
249	452.0		0.106	78.4		18277		23306		0
250	451.0		0.106	78.4		17968		22910		0
251	450.0		0.106	78.3		17649		22530		0
252	449.0		0.107	78.2		17312		22143		0
253	448.0		0.108	78.0		16963		21751		0
254	447.0		0.110	77.7		16590		21339		0
255	446.0		0.112	77.3		16187		20929		0
256	445.0		0.114	76.9		15804		20560		0
257	444.0		0.117	76.4		15435		20201		0
258	443.0		0.120	75.9		15081		19861		0
259	442.0		0.123	75.3		14728		19565		0
260	441.0		0.127	74.6		14382		19280		0
261	440.0		0.131	73.9		14054		19006		0
262	439.0		0.136	73.2		13726		18749		0
263	438.0		0.141	72.4		13396		18521		0
264	437.0		0.146	71.5		13074		18288		0
265	436.0		0.152	70.5		12734		18054		0
266	435.0		0.158	69.5		12376		17798		0
267	434.0		0.165	68.4		11988		17536		0
268	433.0		0.172	67.2		23597		35114		0
269	432.0		0.180	66.1		22874		34603		0
270	431.0		0.187	65.0		22124		34076		0
271	430.0		0.194	64.0		21393		33553		0
272	429.0		0.201	63.0		21440		33972		0
273	428.0		0.208	61.9		21146		34108		0
274	427.0		0.216	60.8		20794		34231		0
275	426.0		0.225	59.6		20433		34331		0
276	425.0		0.234	58.3		20052		34412		0
277	424.0		0.244	57.0		19640		34467		0
278	423.0		0.255	55.7		19195		34512		0
279	422.0		0.265	54.3		18721		34511		0
280	421.0		0.276	53.0		18249		34486		0
281	420.0		0.286	51.7		17804		34456		0
282	419.0		0.297	50.5		17361		34386		0
283	418.0		0.307	49.3		16893		34295		0
284	417.0		0.317	48.1		16446		34175		0
285	416.0		0.328	47.0		15963		34030		0
286	415.0		0.339	45.8		15504		33865		0
287	414.0		0.349	44.7		15058		33683		0
288	413.0		0.360	43.7		14622		33480		0
289	412.0		0.371	42.6		14156		33247		0
290	411.0		0.382	41.5		13692		32998		0
291	410.0		0.392	40.5		13229		32728		0
292	409.0		0.403	39.5		12795		32458		0
293	408.0		0.413	38.6		12420		32171		0
294	407.0		0.423	37.8		12020		31872		0
295	406.0		0.432	37.0		11661		31580		0
296	405.0		0.441	36.2		11304		31264		0
297	404.0		0.450	35.5		10961		30928		0
298	403.0		0.458	34.8		10631		30564		0
299	402.0		0.466	34.2		10312		30217		0
300	401.0		0.474	33.6		10024		29862		0
301	400.0		0.481	33.0		9731		29488		0
302	399.0		0.488	32.5		9436		29085		0
303	398.0		0.494	32.0		9168		28670		0
304	397.0		0.500	31.6		8913		28254		0
305	396.0		0.505	31.2		8686		27836		0
306	395.0		0.510	30.9		8456		27426		0
307	394.0		0.514	30.6		8259		27024		0
308	393.0		0.518	30.4		8056		26574		0
309	392.0		0.521	30.1		7860		26128		0
310	391.0		0.523	30.0		7682		25671		0
311	390.0		0.525	29.8		7523		25230		0
312	389.0		0.526	29.8		7364		24796		0
313	388.0		0.527	29.7		7206		24297		0
314	387.0		0.528	29.7		7046		23807		0
315	386.0		0.528	29.7		6902		23270		0
316	385.0		0.527	29.7		6756		22752		0
317	384.0		0.526	29.8		6620		22240		0
318	383.0		0.524	29.9		6492		21751		0
319	382.0		0.523	30.0		6372		21263		0
320	381.0		0.521	30.1		6254		20762		0
321	380.0		0.519	30.3		6134		20268		0
322	379.0		0.516	30.5		6016		19767		0
323	378.0		0.514	30.6		5906		19294		0
324	377.0		0.511	30.8		5792		18806		0
325	376.0		0.509	31.0		5675		18328		0
326	375.0		0.506	31.2		5550		17806		0
327	374.0		0.504	31.3		5424		17326		0
328	373.0		0.502	31.5		10779		34232		0
329	372.0		0.501	31.6		10528		33356		0
330	371.0		0.505	31.3		10290		32515		0
331	370.0		0.511	30.8		10043		31759		0
332	369.0		0.526	29.8		5215		17979		0
333	368.0		0.536	29.1		5288		18363		0
334	367.0		0.544	28.5		5326		18651		0
335	366.0		0.550	28.2		5332		18897		0
336	365.0		0.557	27.7		5304		19096		0
337	364.0		0.566	27.2		5238		19247		0
338	363.0		0.577	26.5		5131		19359		0
339	362.0		0.591	25.6		4986		19419		0
340	361.0		0.607	24.7		4811		19442		0
341	360.0		0.625	23.7		4612		19428		0
342	359.0		0.645	22.7		4397		19385		0
343	358.0		0.667	21.5		4156		19304		0
344	357.0		0.693	20.3		3901		19179		0
345	356.0		0.722	19.0		3607		19021		0
346	355.0		0.753	17.6		3318		18819		0
347	354.0		0.788	16.3		3036		18590		0
348	353.0		0.828	14.9		2725		18302		0
349	352.0		0.873	13.4		2402		17984		0
350	351.0		0.922	12.0		2102		17592		0
351	350.0		0.976	10.6		1802		17181		0
352	349.0		1.034	9.2		3181		34821		0
353	348.0		1.095	8.0		2698		33919		0
354	347.0		1.159	6.9		2276		33034		0
355	346.0		1.227	5.9		1884		32150		0
356	345.0		1.299	5.0		1553		31253		0
357	344.0		1.377	4.2		1250		30390		0
358	343.0		1.459	3.5		1003		29542		0
359	342.0		1.544	2.9		803		28753		0
360	341.0		1.634	2.3		635		27957		0
361	340.0		1.729	1.9		501		27236		0
362	339.0		1.835	1.5		429		30922		0
363	338.0		1.943	1.1		336		31306		0
364	337.0		2.055	0.9		263		31710		0
365	336.0		2.163	0.7		209		32081		0
366	335.0		2.272	0.5		164		32408		0
367	334.0		2.383	0.4		130		32752		0
368	333.0		2.495	0.3		102		33117		0
369	332.0		2.620	0.2		34		16115		0
370	331.0		2.731	0.2		64		33898		0
371	330.0		2.867	0.1		20		16479		0
372	329.0		2.982	0.1		16		16662		0
373	328.0		3.000	0.1		12		16863		0
374	327.0		3.000	0.1		10		17089		0
375	326.0		3.000	0.0		8		17346		0
376	325.0		3.000	0.0		7		17581		0
377	324.0		3.000	0.0		6		17778		0
378	323.0		3.000	0.0		5		17978		0
379	322.0		3.000	0.0		5		18177		0
380	321.0		3.000	0.0		5		18364		0
381	320.0		3.000	0.0		4		18555		0
382	319.0		3.000	0.0		5		18751		0
383	318.0		3.000	0.0		4		18955		0
384	317.0		3.000	0.0		3		19156		0
385	316.0		3.000	0.0		4		19363		0
386	315.0		3.000	0.0		4		19560		0
387	314.0		3.000	0.0		3		19776		0
388	313.0		3.000	0.0		3		19948		0
389	312.0		3.000	0.0		3		20121		0
390	311.0		3.000	0.0		4		20308		0
391	310.0		3.000	0.0		4		20509		0
392	309.0		3.000	0.0		4		20685		0
393	308.0		3.000	0.0		4		20841		0
394	307.0		3.000	0.0		3		20976		0
395	306.0		3.000	0.0		4		21116		0
396	305.0		3.000	0.0		4		21244		0
397	304.0		3.000	0.0		3		21364		0
398	303.0		3.000	0.0		3		21470		0
399	302.0		3.000	0.0		4		21556		0
400	301.0		3.000	0.0		3		21629		0
401	300.0		3.000	0.0		3		21717		0
