1 2.0
2 2.5
3 2.8333333333333335
4 3.0333333333333337
5 3.1583333333333337
6 3.2352564102564108
7 3.282875457875458
8 3.3122872225813405
9 3.3304690407631585
10 3.341704995819338
11 3.3486494402637828
12 3.352941285757345
13 3.355593805651244
14 3.3572331499135393
15 3.3582463211394766
16 3.35887249521587
17 3.359259492119895
18 3.3594986693502227
19 3.3596464890102373
20 3.3597378465837804
21 3.35979430866949
22 3.3598292041575033
23 3.359850770755157
24 3.359864099645527
25 3.359872337352808
26 3.3598774285358974
27 3.3598805750600893
28 3.3598825197189863
29 3.359883721584281
30 3.3598844643778834
31 3.359884923449576
