-20 4.898587196589413e-16
-19.798994974874372 0.1259597050677177
-19.597989949748744 0.2499129623703082
-19.396984924623116 0.369885285416548
-19.195979899497488 0.48396560114283954
-18.99497487437186 0.5903366919365289
-18.79396984924623 0.6873041426091845
-18.592964824120603 0.773323331215339
-18.391959798994975 0.8470240337722986
-18.190954773869347 0.9072322509454818
-17.98994974874372 0.9529889090158394
-17.78894472361809 0.98356513723637
-17.587939698492463 0.9984738782203788
-17.386934673366834 0.9974776464163388
-17.185929648241206 0.9805923110824039
-16.984924623115578 0.9480868435005093
-16.78391959798995 0.9004790324567514
-16.582914572864322 0.8385272362373773
-16.381909547738694 0.7632183025251686
-16.180904522613066 0.6757518486236092
-15.979899497487438 0.5775211524135879
-15.77889447236181 0.4700909584360025
-15.577889447236181 0.3551725526334282
-15.376884422110553 0.23459650279236882
-15.175879396984925 0.11028349891127548
-14.974874371859297 -0.015786242013636178
-14.773869346733669 -0.14160451942495228
-14.57286432160804 -0.265167138398679
-14.371859296482413 -0.3845058350320108
-14.170854271356784 -0.4977196294756828
-13.969849246231156 -0.603005107179614
-13.768844221105528 -0.698685145993307
-13.5678391959799 -0.7832356315188906
-13.366834170854272 -0.8553097351604119
-13.165829145728644 -0.9137593681374366
-12.964824120603016 -0.9576534697159294
-12.763819095477388 -0.9862928383380025
-12.56281407035176 -0.9992212694012755
-12.361809045226131 -0.9962328222710067
-12.160804020100503 -0.9773751007667073
-11.959798994974875 -0.9429484948674373
-11.758793969849247 -0.8935013957148741
-11.557788944723619 -0.829821460135726
-11.35678391959799 -0.7529230638333775
-11.155778894472363 -0.6640311431104313
-10.954773869346734 -0.5645616825119184
-10.753768844221106 -0.4560991592070158
-10.552763819095478 -0.34037130340411303
-10.35175879396985 -0.21922157684769183
-10.150753768844222 -0.09457980779484489
-9.949748743718594 0.031568549764810244
-9.748743718592966 0.15721404296725017
-9.547738693467338 0.28035522921701433
-9.34673366834171 0.3990305577323406
-9.145728643216081 0.5113496156423261
-8.944723618090453 0.615523240908179
-8.743718592964825 0.7098920223913325
-8.542713567839197 0.792952733082778
-8.341708542713569 0.8633822754312233
-8.14070351758794 0.9200587573381742
-7.939698492462313 0.9620793630944628
-7.7386934673366845 0.9887747345870025
-7.537688442211056 0.9997196336934779
-7.336683417085428 0.994739716020657
-7.1356783919598 0.9739143080855379
-6.934673366834172 0.9375751437008254
-6.733668341708544 0.8863010796932088
-6.532663316582916 0.8209088751292629
-6.331658291457288 0.7424401809292835
-6.1306532663316595 0.6521449471151869
-5.929648241206031 0.5514615120031081
-5.728643216080403 0.4419936905055797
-5.527638190954775 0.3254852265102122
-5.326633165829147 0.20379201629015298
-5.125628140703519 0.07885254540747724
-4.924623115577891 -0.047342989971557316
-4.723618090452263 -0.172784385474099
-4.5226130653266345 -0.2954734496346692
-4.321608040201006 -0.41345583365213334
-4.120603015075378 -0.5248521627644678
-3.91959798994975 -0.6278879733408576
-3.718592964824122 -0.7209219788147158
-3.517587939698494 -0.8024722142015774
-3.316582914572866 -0.8712396427384592
-3.1155778894472377 -0.926128848607841
-2.9145728643216096 -0.9662654861260216
-2.7135678391959814 -0.991010207442792
-2.5125628140703533 -0.9999688468941563
-2.311557788944725 -0.9929986997786697
-2.110552763819097 -0.9702107955409864
-1.909547738693469 -0.9319681291524352
-1.7085427135678408 -0.8788798788614608
-1.5075376884422127 -0.8117917024210214
-1.3065326633165846 -0.7317722663670775
-1.1055276381909565 -0.640096222927108
-0.9045226130653283 -0.5382239057242895
-0.7035175879397002 -0.42777806771021054
-0.5025125628140721 -0.3105180318741698
-0.30150753768844396 -0.18831166648971892
-0.10050251256281581 -0.06310563131267473
0.10050251256281234 0.06310563131267256
0.3015075376884405 0.18831166648971684
0.5025125628140686 0.3105180318741678
0.7035175879396968 0.4277780677102086
0.9045226130653249 0.5382239057242877
1.1055276381909531 0.6400962229271063
1.3065326633165812 0.731772266367076
1.5075376884422094 0.8117917024210202
1.7085427135678375 0.8788798788614598
1.9095477386934656 0.9319681291524344
2.110552763819094 0.970210795540986
2.311557788944722 0.9929986997786695
2.51256281407035 0.9999688468941563
2.7135678391959783 0.9910102074427922
2.9145728643216064 0.9662654861260221
3.1155778894472346 0.9261288486078416
3.3165829145728627 0.8712396427384601
3.517587939698491 0.8024722142015785
3.718592964824119 0.7209219788147173
3.919597989949747 0.6278879733408593
4.120603015075376 0.5248521627644692
4.321608040201004 0.413455833652135
4.522613065326632 0.2954734496346709
4.72361809045226 0.1727843854741003
4.924623115577888 0.04734298997155909
5.125628140703516 -0.07885254540747548
5.326633165829144 -0.20379201629015123
5.5276381909547725 -0.32548522651021095
5.728643216080401 -0.44199369050557813
5.929648241206029 -0.5514615120031066
6.130653266331657 -0.6521449471151859
6.331658291457285 -0.7424401809292823
6.532663316582913 -0.8209088751292619
6.733668341708541 -0.8863010796932079
6.934673366834169 -0.9375751437008247
7.1356783919597975 -0.9739143080855375
7.336683417085426 -0.9947397160206568
7.537688442211054 -0.999719633693478
7.738693467336682 -0.9887747345870028
7.93969849246231 -0.9620793630944631
8.140703517587939 -0.9200587573381745
8.341708542713567 -0.8633822754312237
8.542713567839195 -0.7929527330827791
8.743718592964823 -0.7098920223913331
8.944723618090451 -0.6155232409081798
9.14572864321608 -0.5113496156423275
9.346733668341708 -0.3990305577323414
9.547738693467336 -0.28035522921701517
9.748743718592964 -0.15721404296725192
9.949748743718592 -0.03156854976481113
10.15075376884422 0.09457980779484401
10.351758793969848 0.21922157684769095
10.552763819095476 0.34037130340411215
10.753768844221105 0.456099159207015
10.954773869346733 0.5645616825119176
11.15577889447236 0.6640311431104307
11.356783919597989 0.7529230638333763
11.557788944723617 0.8298214601357254
11.758793969849245 0.8935013957148736
11.959798994974873 0.9429484948674366
12.160804020100501 0.9773751007667071
12.36180904522613 0.9962328222710066
12.562814070351758 0.9992212694012756
12.763819095477386 0.9862928383380029
12.964824120603014 0.9576534697159299
13.165829145728642 0.9137593681374373
13.36683417085427 0.8553097351604129
13.567839195979898 0.7832356315188906
13.768844221105526 0.698685145993307
13.969849246231155 0.6030051071796154
14.170854271356783 0.4977196294756843
14.37185929648241 0.38450583503201247
14.572864321608039 0.265167138398679
14.773869346733667 0.14160451942495228
14.974874371859295 0.015786242013637954
15.175879396984923 -0.1102834989112737
15.376884422110551 -0.2345965027923671
15.57788944723618 -0.3551725526334265
15.778894472361808 -0.4700909584360025
15.979899497487436 -0.5775211524135879
16.180904522613066 -0.6757518486236092
16.381909547738694 -0.7632183025251686
16.582914572864322 -0.8385272362373773
16.78391959798995 -0.9004790324567514
16.984924623115578 -0.9480868435005093
17.185929648241206 -0.9805923110824039
17.386934673366834 -0.9974776464163388
17.587939698492463 -0.9984738782203788
17.78894472361809 -0.98356513723637
17.98994974874372 -0.9529889090158394
18.190954773869347 -0.9072322509454818
18.391959798994975 -0.8470240337722986
18.592964824120603 -0.773323331215339
18.79396984924623 -0.6873041426091845
18.99497487437186 -0.5903366919365289
19.195979899497488 -0.48396560114283954
19.396984924623116 -0.369885285416548
19.597989949748744 -0.2499129623703082
19.798994974874372 -0.1259597050677177
20.0 -4.898587196589413e-16
