23MS157.wls
Scan Wavelength: 400.0 nm - 700.0 nm  Test Mode: Abs Mode  Test Time:17-10-2024 15:00:25
Peak/Valley Data Record
No.	Wavelength(nm)	Abs	Trans(%T)	Energy	Energy(100%T)	Energy(0%T)
No Peak/Valley Data.
Wavelength Scan Data Record
No.	Wavelength(nm)	Abs	Trans(%T)	Energy	Energy(100%T)	Energy(0%T)
1	700.0		0.017	96.1		34518		34341		0
2	699.0		0.018	95.9		34447		35003		0
3	698.0		0.019	95.6		34346		35640		0
4	697.0		0.021	95.3		34224		35930		0
5	696.0		0.022	95.1		34091		35829		0
6	695.0		0.023	94.9		33937		35726		0
7	694.0		0.023	94.8		33780		35607		0
8	693.0		0.024	94.7		33608		35463		0
9	692.0		0.024	94.5		33414		35314		0
10	691.0		0.025	94.4		33227		35176		0
11	690.0		0.026	94.3		33031		35017		0
12	689.0		0.026	94.1		32838		34873		0
13	688.0		0.027	93.9		32636		34717		0
14	687.0		0.028	93.8		32398		34539		0
15	686.0		0.029	93.6		32168		34365		0
16	685.0		0.030	93.4		31914		34173		0
17	684.0		0.031	93.2		31675		33971		0
18	683.0		0.032	93.0		31400		33780		0
19	682.0		0.033	92.8		31152		33581		0
20	681.0		0.034	92.5		30922		33386		0
21	680.0		0.035	92.3		30674		33202		0
22	679.0		0.036	92.1		30460		33044		0
23	678.0		0.037	91.9		30219		32874		0
24	677.0		0.038	91.6		29990		32704		0
25	676.0		0.039	91.3		29744		32538		0
26	675.0		0.041	91.1		29499		32373		0
27	674.0		0.042	90.8		29238		32198		0
28	673.0		0.044	90.5		28993		32028		0
29	672.0		0.045	90.2		28750		31882		0
30	671.0		0.046	89.9		28554		31753		0
31	670.0		0.048	89.6		28372		31660		0
32	669.0		0.049	89.2		28192		31570		0
33	668.0		0.051	88.9		28007		31491		0
34	667.0		0.053	88.5		27833		31416		0
35	666.0		0.055	88.2		27656		31350		0
36	665.0		0.056	87.8		27505		31291		0
37	664.0		0.058	87.4		27340		31236		0
38	663.0		0.060	87.0		27156		31171		0
39	662.0		0.062	86.6		26982		31122		0
40	661.0		0.065	86.2		26833		31100		0
41	660.0		0.067	85.8		26712		31107		0
42	659.0		0.069	85.3		26612		31142		0
43	658.0		0.071	84.9		26508		31170		0
44	657.0		0.073	84.5		26392		31198		0
45	656.0		0.075	84.0		26284		31236		0
46	655.0		0.078	83.6		26176		31272		0
47	654.0		0.080	83.1		26077		31317		0
48	653.0		0.083	82.7		25970		31366		0
49	652.0		0.085	82.2		25866		31421		0
50	651.0		0.088	81.7		25775		31499		0
51	650.0		0.090	81.2		25693		31598		0
52	649.0		0.093	80.7		25626		31726		0
53	648.0		0.096	80.2		25567		31852		0
54	647.0		0.099	79.7		25509		31985		0
55	646.0		0.101	79.2		25451		32106		0
56	645.0		0.104	78.7		25391		32245		0
57	644.0		0.107	78.1		25341		32398		0
58	643.0		0.110	77.6		25287		32537		0
59	642.0		0.113	77.1		25238		32690		0
60	641.0		0.116	76.6		25200		32867		0
61	640.0		0.119	76.0		25162		33042		0
62	639.0		0.122	75.5		25135		33249		0
63	638.0		0.125	74.9		25115		33488		0
64	637.0		0.129	74.4		25094		33706		0
65	636.0		0.132	73.8		25072		33928		0
66	635.0		0.135	73.3		25052		34144		0
67	634.0		0.138	72.8		25029		34367		0
68	633.0		0.141	72.2		25002		34583		0
69	632.0		0.144	71.7		24985		34811		0
70	631.0		0.148	71.2		24977		35044		0
71	630.0		0.151	70.7		24970		35286		0
72	629.0		0.154	70.2		24969		35536		0
73	628.0		0.157	69.6		24978		35821		0
74	627.0		0.160	69.1		24979		36092		0
75	626.0		0.164	68.6		24982		36396		0
76	625.0		0.167	68.0		24988		36691		0
77	624.0		0.171	67.5		24991		36978		0
78	623.0		0.174	67.0		24994		37254		0
79	622.0		0.177	66.5		25006		37536		0
80	621.0		0.180	66.0		25024		37845		0
81	620.0		0.183	65.6		25056		38168		0
82	619.0		0.186	65.1		25088		38478		0
83	618.0		0.190	64.6		25116		38813		0
84	617.0		0.193	64.2		25150		39144		0
85	616.0		0.196	63.7		25192		39484		0
86	615.0		0.199	63.2		25230		39849		0
87	614.0		0.203	62.7		25262		40225		0
88	613.0		0.206	62.3		25292		40572		0
89	612.0		0.209	61.8		25314		40902		0
90	611.0		0.212	61.4		25342		41229		0
91	610.0		0.215	61.0		25373		41575		0
92	609.0		0.218	60.5		25399		41901		0
93	608.0		0.221	60.1		25397		42194		0
94	607.0		0.224	59.7		25381		42456		0
95	606.0		0.227	59.3		25339		42674		0
96	605.0		0.230	58.9		25270		42831		0
97	604.0		0.233	58.5		25154		42942		0
98	603.0		0.236	58.1		24986		42978		0
99	602.0		0.239	57.6		24762		42913		0
100	601.0		0.242	57.2		24511		42775		0
101	600.0		0.245	56.8		24205		42550		0
102	599.0		0.248	56.5		23876		42250		0
103	598.0		0.251	56.1		23498		41848		0
104	597.0		0.254	55.7		23047		41359		0
105	596.0		0.257	55.3		22576		40711		0
106	595.0		0.260	55.0		22021		39999		0
107	594.0		0.263	54.6		21461		39199		0
108	593.0		0.266	54.2		20825		38374		0
109	592.0		0.269	53.9		20191		37433		0
110	591.0		0.272	53.5		19497		36433		0
111	590.0		0.275	53.1		18840		35420		0
112	589.0		0.278	52.7		18182		34463		0
113	588.0		0.281	52.3		17591		33556		0
114	587.0		0.284	52.0		17012		32689		0
115	586.0		0.287	51.6		16470		31853		0
116	585.0		0.290	51.3		15942		31083		0
117	584.0		0.293	50.9		15449		30305		0
118	583.0		0.296	50.6		14979		29602		0
119	582.0		0.299	50.2		14563		28983		0
120	581.0		0.302	49.8		14172		28408		0
121	580.0		0.306	49.5		13819		27907		0
122	579.0		0.309	49.1		13484		27445		0
123	578.0		0.313	48.7		13184		27056		0
124	577.0		0.316	48.3		12939		26757		0
125	576.0		0.319	47.9		12745		26547		0
126	575.0		0.323	47.5		12570		26420		0
127	574.0		0.326	47.2		12447		26356		0
128	573.0		0.330	46.8		12367		26387		0
129	572.0		0.333	46.4		12336		26535		0
130	571.0		0.337	46.0		12368		26829		0
131	570.0		0.341	45.7		12499		27344		0
132	569.0		0.344	45.3		12787		28169		0
133	568.0		0.348	44.9		13202		29356		0
134	567.0		0.352	44.5		13565		30467		0
135	566.0		0.356	44.1		13783		31194		0
136	565.0		0.359	43.7		13914		31782		0
137	564.0		0.363	43.3		13983		32222		0
138	563.0		0.367	43.0		13997		32528		0
139	562.0		0.370	42.6		13958		32698		0
140	561.0		0.374	42.3		13862		32742		0
141	560.0		0.377	42.0		13707		32629		0
142	559.0		0.380	41.7		13497		32395		0
143	558.0		0.384	41.3		13229		31986		0
144	557.0		0.387	41.0		12907		31451		0
145	556.0		0.390	40.7		12526		30739		0
146	555.0		0.393	40.4		12081		29901		0
147	554.0		0.397	40.1		11609		28954		0
148	553.0		0.400	39.8		11124		27954		0
149	552.0		0.403	39.6		10663		26955		0
150	551.0		0.406	39.3		10218		26007		0
151	550.0		0.409	39.0		9803		25106		0
152	549.0		0.413	38.6		10103		26188		0
153	548.0		0.416	38.4		9829		25618		0
154	547.0		0.419	38.1		9561		25062		0
155	546.0		0.421	37.9		9301		24517		0
156	545.0		0.423	37.8		9066		23955		0
157	544.0		0.425	37.6		8839		23479		0
158	543.0		0.426	37.5		8725		23256		0
159	542.0		0.428	37.3		8688		23244		0
160	541.0		0.429	37.2		8653		23222		0
161	540.0		0.430	37.1		8612		23175		0
162	539.0		0.431	37.0		8568		23114		0
163	538.0		0.432	37.0		8522		23016		0
164	537.0		0.432	37.0		8472		22913		0
165	536.0		0.433	36.9		8426		22801		0
166	535.0		0.433	36.9		8382		22672		0
167	534.0		0.432	37.0		8336		22541		0
168	533.0		0.432	37.0		8292		22395		0
169	532.0		0.431	37.0		8249		22240		0
170	531.0		0.430	37.1		8208		22082		0
171	530.0		0.429	37.2		8174		21926		0
172	529.0		0.428	37.4		8146		21777		0
173	528.0		0.426	37.5		8124		21636		0
174	527.0		0.424	37.7		8105		21492		0
175	526.0		0.422	37.9		8089		21345		0
176	525.0		0.419	38.1		8075		21192		0
177	524.0		0.417	38.3		8063		21035		0
178	523.0		0.414	38.6		8056		20875		0
179	522.0		0.411	38.8		8054		20725		0
180	521.0		0.407	39.1		8058		20582		0
181	520.0		0.404	39.5		8069		20426		0
182	519.0		0.400	39.8		8086		20284		0
183	518.0		0.395	40.2		8108		20129		0
184	517.0		0.391	40.7		8134		19978		0
185	516.0		0.386	41.1		8161		19838		0
186	515.0		0.382	41.5		8190		19697		0
187	514.0		0.377	42.0		8222		19553		0
188	513.0		0.372	42.5		8258		19408		0
189	512.0		0.366	43.0		8297		19268		0
190	511.0		0.361	43.5		8340		19139		0
191	510.0		0.356	44.1		8386		19007		0
192	509.0		0.350	44.7		8440		18892		0
193	508.0		0.344	45.3		8498		18762		0
194	507.0		0.338	45.9		8562		18628		0
195	506.0		0.332	46.6		8628		18486		0
196	505.0		0.325	47.3		8698		18364		0
197	504.0		0.319	48.0		8766		18230		0
198	503.0		0.312	48.7		8832		18110		0
199	502.0		0.306	49.4		8905		17989		0
200	501.0		0.299	50.2		8977		17874		0
201	500.0		0.293	50.9		9055		17764		0
202	499.0		0.287	51.7		9134		17654		0
203	498.0		0.280	52.5		18627		35453		0
204	497.0		0.274	53.3		9293		17432		0
205	496.0		0.267	54.1		18950		34994		0
206	495.0		0.260	55.0		19120		34737		0
207	494.0		0.253	55.9		19298		34472		0
208	493.0		0.246	56.8		19473		34212		0
209	492.0		0.239	57.7		19640		33993		0
210	491.0		0.232	58.6		19800		33764		0
211	490.0		0.226	59.4		19965		33558		0
212	489.0		0.220	60.3		20144		33350		0
213	488.0		0.213	61.2		20296		33138		0
214	487.0		0.207	62.0		20453		32916		0
215	486.0		0.201	62.9		20602		32707		0
216	485.0		0.195	63.8		20756		32498		0
217	484.0		0.189	64.7		20915		32273		0
218	483.0		0.183	65.7		21062		32030		0
219	482.0		0.176	66.6		21206		31790		0
220	481.0		0.171	67.5		21341		31553		0
221	480.0		0.165	68.4		21477		31348		0
222	479.0		0.160	69.3		21592		31139		0
223	478.0		0.154	70.1		21705		30932		0
224	477.0		0.149	70.9		21804		30709		0
225	476.0		0.144	71.7		21888		30486		0
226	475.0		0.140	72.5		21963		30253		0
227	474.0		0.135	73.3		22033		30026		0
228	473.0		0.130	74.1		22085		29787		0
229	472.0		0.126	74.8		22126		29532		0
230	471.0		0.121	75.6		22155		29266		0
231	470.0		0.117	76.3		22173		29009		0
232	469.0		0.113	77.0		22178		28750		0
233	468.0		0.110	77.7		22172		28505		0
234	467.0		0.106	78.3		22144		28238		0
235	466.0		0.103	78.9		22096		27977		0
236	465.0		0.100	79.4		22033		27700		0
237	464.0		0.097	79.9		21944		27398		0
238	463.0		0.095	80.4		21833		27086		0
239	462.0		0.092	80.9		21693		26776		0
240	461.0		0.090	81.3		21544		26458		0
241	460.0		0.088	81.7		21370		26127		0
242	459.0		0.086	82.1		21168		25763		0
243	458.0		0.084	82.4		20945		25395		0
244	457.0		0.083	82.7		20698		25005		0
245	456.0		0.082	82.9		20451		24621		0
246	455.0		0.081	83.1		20175		24246		0
247	454.0		0.080	83.2		19882		23870		0
248	453.0		0.080	83.3		19565		23482		0
249	452.0		0.079	83.3		19240		23070		0
250	451.0		0.079	83.3		18925		22681		0
251	450.0		0.080	83.2		18579		22289		0
252	449.0		0.080	83.1		18245		21916		0
253	448.0		0.081	83.0		17882		21526		0
254	447.0		0.082	82.7		17493		21125		0
255	446.0		0.084	82.5		17099		20710		0
256	445.0		0.085	82.2		16726		20338		0
257	444.0		0.087	81.8		16375		19979		0
258	443.0		0.090	81.4		16007		19654		0
259	442.0		0.092	80.9		15671		19342		0
260	441.0		0.095	80.4		15343		19060		0
261	440.0		0.098	79.8		15016		18782		0
262	439.0		0.101	79.3		14708		18530		0
263	438.0		0.105	78.6		14401		18292		0
264	437.0		0.108	77.9		14102		18068		0
265	436.0		0.113	77.2		13787		17835		0
266	435.0		0.117	76.3		13437		17580		0
267	434.0		0.122	75.5		26613		35218		0
268	433.0		0.128	74.5		25884		34687		0
269	432.0		0.133	73.6		25175		34160		0
270	431.0		0.138	72.8		24483		33660		0
271	430.0		0.143	71.9		23797		33121		0
272	429.0		0.148	71.1		23916		33500		0
273	428.0		0.153	70.3		23696		33644		0
274	427.0		0.159	69.3		23438		33762		0
275	426.0		0.166	68.3		23165		33855		0
276	425.0		0.172	67.3		22876		33920		0
277	424.0		0.179	66.2		22548		33988		0
278	423.0		0.187	65.1		22171		34025		0
279	422.0		0.194	63.9		21769		34026		0
280	421.0		0.202	62.8		21390		34006		0
281	420.0		0.210	61.7		20992		33970		0
282	419.0		0.217	60.7		20589		33900		0
283	418.0		0.224	59.6		20189		33807		0
284	417.0		0.232	58.6		19782		33686		0
285	416.0		0.239	57.6		19357		33544		0
286	415.0		0.247	56.6		18911		33379		0
287	414.0		0.255	55.6		18483		33199		0
288	413.0		0.262	54.6		18059		32992		0
289	412.0		0.270	53.7		17608		32759		0
290	411.0		0.278	52.7		17134		32505		0
291	410.0		0.286	51.8		16707		32242		0
292	409.0		0.294	50.9		16275		31959		0
293	408.0		0.301	50.0		15863		31674		0
294	407.0		0.308	49.2		15458		31395		0
295	406.0		0.315	48.5		15078		31088		0
296	405.0		0.321	47.8		14712		30772		0
297	404.0		0.327	47.1		14328		30436		0
298	403.0		0.333	46.4		13980		30095		0
299	402.0		0.339	45.8		13638		29748		0
300	401.0		0.343	45.4		13319		29383		0
301	400.0		0.346	45.0		12986		29021		0
