23MS098.wls
Scan Wavelength: 400.0 nm - 700.0 nm  Test Mode: Abs Mode  Test Time:05-09-2024 16:13:02
Peak/Valley Data Record
No.	Wavelength(nm)	Abs	Trans(%T)	Energy	Energy(100%T)	Energy(0%T)
No Peak/Valley Data.
Wavelength Scan Data Record
No.	Wavelength(nm)	Abs	Trans(%T)	Energy	Energy(100%T)	Energy(0%T)
1	700.0		-0.004	100.9		35265		38872		0
2	699.0		-0.002	100.6		35218		39724		0
3	698.0		-0.001	100.3		35149		40828		0
4	697.0		-0.001	100.1		35061		41863		0
5	696.0		-0.002	100.4		34966		41834		0
6	695.0		-0.003	100.8		34847		40587		0
7	694.0		-0.003	100.7		34724		39449		0
8	693.0		0.000	99.9		34592		38050		0
9	692.0		0.005	98.9		34452		36644		0
10	691.0		0.009	98.0		34302		35612		0
11	690.0		0.011	97.5		34147		35172		0
12	689.0		0.012	97.3		33994		34975		0
13	688.0		0.012	97.2		33832		34796		0
14	687.0		0.012	97.2		33653		34590		0
15	686.0		0.012	97.2		33468		34420		0
16	685.0		0.012	97.2		33284		34218		0
17	684.0		0.012	97.2		33098		34033		0
18	683.0		0.012	97.2		32895		33844		0
19	682.0		0.013	97.1		32705		33661		0
20	681.0		0.013	97.1		32518		33462		0
21	680.0		0.013	97.1		32336		33294		0
22	679.0		0.013	97.1		32161		33129		0
23	678.0		0.013	97.1		32001		32960		0
24	677.0		0.013	97.0		31836		32795		0
25	676.0		0.013	97.0		31670		32626		0
26	675.0		0.013	97.0		31498		32444		0
27	674.0		0.013	97.0		31324		32288		0
28	673.0		0.013	97.0		31153		32124		0
29	672.0		0.013	97.0		31012		31954		0
30	671.0		0.013	97.0		30892		31833		0
31	670.0		0.013	97.0		30789		31735		0
32	669.0		0.013	97.0		30699		31651		0
33	668.0		0.013	97.0		30607		31573		0
34	667.0		0.014	96.9		30535		31487		0
35	666.0		0.014	96.9		30461		31427		0
36	665.0		0.014	96.9		30401		31364		0
37	664.0		0.014	96.9		30348		31316		0
38	663.0		0.014	96.8		30288		31256		0
39	662.0		0.014	96.8		30239		31215		0
40	661.0		0.014	96.8		30206		31192		0
41	660.0		0.014	96.8		30211		31208		0
42	659.0		0.014	96.8		30232		31234		0
43	658.0		0.014	96.7		30255		31257		0
44	657.0		0.014	96.7		30276		31288		0
45	656.0		0.015	96.7		30302		31331		0
46	655.0		0.015	96.7		30339		31371		0
47	654.0		0.015	96.7		30383		31417		0
48	653.0		0.015	96.6		30419		31474		0
49	652.0		0.015	96.6		30472		31536		0
50	651.0		0.015	96.6		30546		31614		0
51	650.0		0.015	96.6		30643		31721		0
52	649.0		0.015	96.6		30751		31842		0
53	648.0		0.015	96.5		30871		31973		0
54	647.0		0.015	96.5		30988		32097		0
55	646.0		0.015	96.5		31104		32229		0
56	645.0		0.016	96.5		31227		32364		0
57	644.0		0.016	96.5		31373		32512		0
58	643.0		0.016	96.4		31510		32657		0
59	642.0		0.016	96.4		31646		32814		0
60	641.0		0.016	96.4		31787		32990		0
61	640.0		0.016	96.4		31968		33183		0
62	639.0		0.016	96.3		32166		33388		0
63	638.0		0.016	96.3		32375		33618		0
64	637.0		0.016	96.3		32586		33843		0
65	636.0		0.017	96.3		32780		34064		0
66	635.0		0.017	96.2		32981		34280		0
67	634.0		0.017	96.2		33183		34489		0
68	633.0		0.017	96.2		33385		34722		0
69	632.0		0.017	96.1		33610		34948		0
70	631.0		0.017	96.1		33826		35189		0
71	630.0		0.017	96.1		34043		35440		0
72	629.0		0.018	96.0		34292		35703		0
73	628.0		0.018	96.0		34550		35977		0
74	627.0		0.018	96.0		34822		36270		0
75	626.0		0.018	96.0		35098		36577		0
76	625.0		0.018	95.9		35370		36878		0
77	624.0		0.018	95.9		35631		37163		0
78	623.0		0.018	95.9		35895		37427		0
79	622.0		0.018	95.9		36158		37718		0
80	621.0		0.019	95.8		36431		38030		0
81	620.0		0.019	95.8		36732		38344		0
82	619.0		0.019	95.7		37036		38662		0
83	618.0		0.019	95.7		37320		39005		0
84	617.0		0.019	95.7		37631		39346		0
85	616.0		0.019	95.6		37950		39667		0
86	615.0		0.019	95.6		38286		40032		0
87	614.0		0.020	95.6		38621		40418		0
88	613.0		0.020	95.5		38951		40773		0
89	612.0		0.020	95.5		39274		41109		0
90	611.0		0.020	95.5		39558		41448		0
91	610.0		0.020	95.4		39866		41794		0
92	609.0		0.021	95.4		40169		42121		0
93	608.0		0.021	95.3		40428		42408		0
94	607.0		0.021	95.3		40652		42681		0
95	606.0		0.021	95.2		40840		42896		0
96	605.0		0.022	95.2		40987		43075		0
97	604.0		0.022	95.1		41068		43179		0
98	603.0		0.022	95.1		41074		43204		0
99	602.0		0.022	95.0		40998		43150		0
100	601.0		0.022	95.0		40834		43009		0
101	600.0		0.023	94.9		40600		42797		0
102	599.0		0.023	94.8		40293		42487		0
103	598.0		0.023	94.7		39889		42084		0
104	597.0		0.024	94.7		39351		41564		0
105	596.0		0.024	94.6		38734		40957		0
106	595.0		0.024	94.5		38037		40222		0
107	594.0		0.025	94.4		37276		39433		0
108	593.0		0.025	94.4		36416		38595		0
109	592.0		0.026	94.3		35487		37669		0
110	591.0		0.026	94.2		34536		36660		0
111	590.0		0.027	94.1		33523		35646		0
112	589.0		0.027	94.0		32580		34658		0
113	588.0		0.028	93.9		31674		33783		0
114	587.0		0.028	93.7		30824		32881		0
115	586.0		0.029	93.6		30015		32055		0
116	585.0		0.029	93.5		29236		31239		0
117	584.0		0.030	93.4		28498		30474		0
118	583.0		0.030	93.3		27786		29798		0
119	582.0		0.031	93.1		27149		29149		0
120	581.0		0.032	93.0		26581		28591		0
121	580.0		0.032	92.8		26052		28080		0
122	579.0		0.033	92.7		25600		27622		0
123	578.0		0.034	92.5		25185		27238		0
124	577.0		0.035	92.3		24864		26937		0
125	576.0		0.035	92.2		24623		26725		0
126	575.0		0.036	92.0		24445		26587		0
127	574.0		0.037	91.8		24348		26534		0
128	573.0		0.038	91.6		24328		26569		0
129	572.0		0.039	91.4		24408		26721		0
130	571.0		0.040	91.2		24619		27003		0
131	570.0		0.041	91.0		25019		27522		0
132	569.0		0.042	90.7		25728		28391		0
133	568.0		0.043	90.5		26763		29563		0
134	567.0		0.045	90.3		27674		30685		0
135	566.0		0.046	90.0		28288		31417		0
136	565.0		0.047	89.7		28729		32037		0
137	564.0		0.048	89.4		29033		32472		0
138	563.0		0.050	89.2		29217		32774		0
139	562.0		0.051	88.9		29290		32958		0
140	561.0		0.053	88.6		29226		33003		0
141	560.0		0.054	88.3		29044		32903		0
142	559.0		0.056	88.0		28710		32661		0
143	558.0		0.057	87.7		28260		32274		0
144	557.0		0.059	87.4		27692		31711		0
145	556.0		0.060	87.0		26978		31017		0
146	555.0		0.062	86.7		26131		30156		0
147	554.0		0.064	86.3		25172		29207		0
148	553.0		0.066	85.9		24193		28190		0
149	552.0		0.068	85.6		23281		27196		0
150	551.0		0.070	85.2		22348		26260		0
151	550.0		0.072	84.8		21465		25336		0
152	549.0		0.074	84.4		22289		26441		0
153	548.0		0.076	84.0		21707		25866		0
154	547.0		0.078	83.6		21130		25300		0
155	546.0		0.080	83.2		20586		24765		0
156	545.0		0.082	82.7		20037		24206		0
157	544.0		0.085	82.3		19528		23733		0
158	543.0		0.087	81.9		19228		23510		0
159	542.0		0.089	81.4		19117		23495		0
160	541.0		0.092	81.0		18990		23475		0
161	540.0		0.094	80.5		18853		23426		0
162	539.0		0.096	80.1		18702		23361		0
163	538.0		0.099	79.7		18528		23274		0
164	537.0		0.101	79.2		18343		23171		0
165	536.0		0.103	78.8		18140		23052		0
166	535.0		0.106	78.4		17952		22927		0
167	534.0		0.108	78.0		17753		22789		0
168	533.0		0.111	77.5		17538		22646		0
169	532.0		0.113	77.1		17320		22497		0
170	531.0		0.116	76.6		17099		22334		0
171	530.0		0.118	76.2		16881		22172		0
172	529.0		0.121	75.7		16671		22026		0
173	528.0		0.123	75.3		16463		21886		0
174	527.0		0.126	74.9		16267		21740		0
175	526.0		0.128	74.5		16066		21586		0
176	525.0		0.130	74.1		15868		21430		0
177	524.0		0.133	73.7		15662		21280		0
178	523.0		0.135	73.3		15472		21125		0
179	522.0		0.137	72.9		15275		20970		0
180	521.0		0.140	72.5		15087		20817		0
181	520.0		0.142	72.1		14904		20674		0
182	519.0		0.144	71.7		14714		20528		0
183	518.0		0.147	71.4		14526		20374		0
184	517.0		0.149	71.0		14345		20231		0
185	516.0		0.151	70.7		14178		20077		0
186	515.0		0.153	70.3		14006		19948		0
187	514.0		0.155	70.0		13848		19802		0
188	513.0		0.157	69.7		13694		19653		0
189	512.0		0.159	69.4		13525		19512		0
190	511.0		0.160	69.1		13379		19378		0
191	510.0		0.162	68.8		13241		19253		0
192	509.0		0.164	68.6		13108		19130		0
193	508.0		0.165	68.3		12969		19002		0
194	507.0		0.167	68.1		12834		18869		0
195	506.0		0.169	67.8		12701		18740		0
196	505.0		0.170	67.6		12564		18605		0
197	504.0		0.171	67.4		12438		18480		0
198	503.0		0.173	67.2		12325		18359		0
199	502.0		0.174	67.0		12212		18238		0
200	501.0		0.175	66.9		12102		18122		0
201	500.0		0.176	66.7		12000		18011		0
202	499.0		0.177	66.6		11905		17899		0
203	498.0		0.177	66.5		23877		35953		0
204	497.0		0.178	66.4		11718		17682		0
205	496.0		0.179	66.3		23499		35500		0
206	495.0		0.179	66.2		23303		35250		0
207	494.0		0.180	66.1		23112		34980		0
208	493.0		0.180	66.1		22923		34738		0
209	492.0		0.180	66.1		22754		34492		0
210	491.0		0.180	66.0		22602		34264		0
211	490.0		0.180	66.0		22462		34055		0
212	489.0		0.180	66.0		22328		33843		0
213	488.0		0.180	66.1		22192		33634		0
214	487.0		0.180	66.1		22062		33408		0
215	486.0		0.180	66.1		21939		33199		0
216	485.0		0.179	66.2		21815		32994		0
217	484.0		0.179	66.3		21697		32768		0
218	483.0		0.178	66.4		21569		32536		0
219	482.0		0.177	66.5		21446		32293		0
220	481.0		0.177	66.6		21329		32057		0
221	480.0		0.176	66.7		21229		31859		0
222	479.0		0.175	66.9		21138		31651		0
223	478.0		0.174	67.0		21041		31442		0
224	477.0		0.173	67.2		20940		31218		0
225	476.0		0.172	67.3		20845		30996		0
226	475.0		0.171	67.5		20744		30767		0
227	474.0		0.169	67.7		20645		30529		0
228	473.0		0.168	67.9		20542		30295		0
229	472.0		0.167	68.1		20442		30037		0
230	471.0		0.165	68.4		20326		29766		0
231	470.0		0.164	68.6		20214		29501		0
232	469.0		0.162	68.8		20114		29241		0
233	468.0		0.161	69.1		20000		28994		0
234	467.0		0.159	69.3		19894		28738		0
235	466.0		0.158	69.5		19782		28474		0
236	465.0		0.156	69.8		19651		28194		0
237	464.0		0.155	70.0		19518		27906		0
238	463.0		0.153	70.3		19374		27594		0
239	462.0		0.151	70.6		19225		27286		0
240	461.0		0.150	70.8		19071		26963		0
241	460.0		0.148	71.1		18900		26619		0
242	459.0		0.146	71.4		18721		26252		0
243	458.0		0.145	71.7		18512		25871		0
244	457.0		0.143	72.0		18310		25475		0
245	456.0		0.141	72.2		18104		25094		0
246	455.0		0.140	72.5		17894		24701		0
247	454.0		0.138	72.7		17677		24323		0
248	453.0		0.137	73.0		17445		23922		0
249	452.0		0.135	73.2		17211		23513		0
250	451.0		0.134	73.5		16976		23114		0
251	450.0		0.132	73.7		16742		22726		0
252	449.0		0.131	73.9		16508		22348		0
253	448.0		0.130	74.2		16267		21943		0
254	447.0		0.128	74.4		16008		21524		0
255	446.0		0.127	74.6		15743		21133		0
256	445.0		0.126	74.8		15496		20738		0
257	444.0		0.125	75.0		15277		20385		0
258	443.0		0.124	75.1		15052		20054		0
259	442.0		0.123	75.3		14849		19740		0
260	441.0		0.123	75.4		14651		19450		0
261	440.0		0.122	75.5		14469		19180		0
262	439.0		0.122	75.5		14291		18933		0
263	438.0		0.121	75.6		14122		18700		0
264	437.0		0.121	75.6		13944		18465		0
265	436.0		0.121	75.7		13769		18215		0
266	435.0		0.121	75.6		13567		17959		0
267	434.0		0.122	75.6		27171		36002		0
268	433.0		0.122	75.5		26742		35451		0
269	432.0		0.123	75.4		26300		34906		0
270	431.0		0.123	75.3		25863		34391		0
271	430.0		0.124	75.1		25384		33864		0
272	429.0		0.125	75.1		25717		34247		0
273	428.0		0.126	74.9		25743		34401		0
274	427.0		0.127	74.6		25737		34527		0
275	426.0		0.129	74.3		25696		34624		0
276	425.0		0.131	73.9		25635		34718		0
277	424.0		0.134	73.5		25540		34779		0
278	423.0		0.137	73.0		25386		34817		0
279	422.0		0.140	72.4		25197		34822		0
280	421.0		0.144	71.9		24986		34810		0
281	420.0		0.147	71.2		24742		34779		0
282	419.0		0.151	70.6		24455		34722		0
283	418.0		0.156	69.9		24159		34626		0
284	417.0		0.161	69.1		23811		34504		0
285	416.0		0.166	68.3		23433		34356		0
286	415.0		0.171	67.5		23046		34192		0
287	414.0		0.177	66.6		22602		34013		0
288	413.0		0.183	65.6		22155		33802		0
289	412.0		0.190	64.6		21671		33566		0
290	411.0		0.197	63.5		21129		33319		0
291	410.0		0.205	62.3		20554		33040		0
292	409.0		0.214	61.2		20008		32762		0
293	408.0		0.222	60.0		19442		32466		0
294	407.0		0.231	58.8		18899		32174		0
295	406.0		0.240	57.6		18334		31870		0
296	405.0		0.249	56.3		17741		31550		0
297	404.0		0.259	55.0		17142		31219		0
298	403.0		0.270	53.7		16547		30864		0
299	402.0		0.281	52.4		15959		30506		0
300	401.0		0.289	51.5		15389		30148		0
301	400.0		0.296	50.6		14778		29762		0
