23MS075.wls
Scan Wavelength: 400.0 nm - 700.0 nm  Test Mode: Abs Mode  Test Time:05-09-2024 15:52:03
Peak/Valley Data Record
No.	Wavelength(nm)	Abs	Trans(%T)	Energy	Energy(100%T)	Energy(0%T)
No Peak/Valley Data.
Wavelength Scan Data Record
No.	Wavelength(nm)	Abs	Trans(%T)	Energy	Energy(100%T)	Energy(0%T)
1	700.0		-0.009	102.2		35706		38872		0
2	699.0		-0.008	101.9		35662		39724		0
3	698.0		-0.007	101.6		35600		40828		0
4	697.0		-0.006	101.5		35515		41863		0
5	696.0		-0.007	101.7		35418		41834		0
6	695.0		-0.009	102.1		35313		40587		0
7	694.0		-0.009	102.0		35187		39449		0
8	693.0		-0.005	101.3		35047		38050		0
9	692.0		-0.001	100.2		34904		36644		0
10	691.0		0.003	99.4		34763		35612		0
11	690.0		0.005	98.9		34616		35172		0
12	689.0		0.006	98.7		34478		34975		0
13	688.0		0.006	98.6		34313		34796		0
14	687.0		0.006	98.7		34146		34590		0
15	686.0		0.006	98.7		33968		34420		0
16	685.0		0.006	98.7		33779		34218		0
17	684.0		0.006	98.7		33582		34033		0
18	683.0		0.006	98.6		33388		33844		0
19	682.0		0.006	98.6		33193		33661		0
20	681.0		0.006	98.6		33008		33462		0
21	680.0		0.006	98.6		32835		33294		0
22	679.0		0.006	98.6		32660		33129		0
23	678.0		0.006	98.6		32499		32960		0
24	677.0		0.006	98.6		32345		32795		0
25	676.0		0.006	98.6		32172		32626		0
26	675.0		0.006	98.6		31998		32444		0
27	674.0		0.006	98.6		31814		32288		0
28	673.0		0.006	98.6		31652		32124		0
29	672.0		0.006	98.6		31511		31954		0
30	671.0		0.006	98.6		31394		31833		0
31	670.0		0.006	98.6		31295		31735		0
32	669.0		0.006	98.6		31208		31651		0
33	668.0		0.006	98.6		31129		31573		0
34	667.0		0.006	98.6		31054		31487		0
35	666.0		0.006	98.6		30985		31427		0
36	665.0		0.006	98.6		30930		31364		0
37	664.0		0.006	98.6		30880		31316		0
38	663.0		0.006	98.6		30815		31256		0
39	662.0		0.006	98.6		30767		31215		0
40	661.0		0.006	98.5		30751		31192		0
41	660.0		0.006	98.5		30761		31208		0
42	659.0		0.006	98.5		30789		31234		0
43	658.0		0.006	98.5		30816		31257		0
44	657.0		0.006	98.5		30834		31288		0
45	656.0		0.006	98.5		30876		31331		0
46	655.0		0.006	98.5		30918		31371		0
47	654.0		0.006	98.5		30960		31417		0
48	653.0		0.006	98.5		31012		31474		0
49	652.0		0.006	98.5		31066		31536		0
50	651.0		0.007	98.5		31141		31614		0
51	650.0		0.007	98.5		31245		31721		0
52	649.0		0.007	98.5		31372		31842		0
53	648.0		0.007	98.5		31491		31973		0
54	647.0		0.007	98.5		31611		32097		0
55	646.0		0.007	98.5		31733		32229		0
56	645.0		0.007	98.5		31864		32364		0
57	644.0		0.007	98.4		32006		32512		0
58	643.0		0.007	98.4		32145		32657		0
59	642.0		0.007	98.4		32291		32814		0
60	641.0		0.007	98.4		32448		32990		0
61	640.0		0.007	98.4		32641		33183		0
62	639.0		0.007	98.4		32842		33388		0
63	638.0		0.007	98.4		33069		33618		0
64	637.0		0.007	98.4		33290		33843		0
65	636.0		0.007	98.4		33506		34064		0
66	635.0		0.007	98.3		33711		34280		0
67	634.0		0.007	98.3		33923		34489		0
68	633.0		0.007	98.3		34144		34722		0
69	632.0		0.007	98.3		34361		34948		0
70	631.0		0.007	98.3		34586		35189		0
71	630.0		0.008	98.3		34836		35440		0
72	629.0		0.008	98.3		35084		35703		0
73	628.0		0.008	98.3		35356		35977		0
74	627.0		0.008	98.2		35623		36270		0
75	626.0		0.008	98.2		35922		36577		0
76	625.0		0.008	98.2		36214		36878		0
77	624.0		0.008	98.2		36475		37163		0
78	623.0		0.008	98.2		36747		37427		0
79	622.0		0.008	98.2		37024		37718		0
80	621.0		0.008	98.2		37326		38030		0
81	620.0		0.008	98.1		37627		38344		0
82	619.0		0.008	98.1		37940		38662		0
83	618.0		0.008	98.1		38256		39005		0
84	617.0		0.008	98.1		38569		39346		0
85	616.0		0.009	98.1		38915		39667		0
86	615.0		0.009	98.0		39268		40032		0
87	614.0		0.009	98.0		39628		40418		0
88	613.0		0.009	98.0		39962		40773		0
89	612.0		0.009	98.0		40279		41109		0
90	611.0		0.009	97.9		40601		41448		0
91	610.0		0.009	97.9		40922		41794		0
92	609.0		0.009	97.9		41236		42121		0
93	608.0		0.009	97.9		41490		42408		0
94	607.0		0.010	97.8		41741		42681		0
95	606.0		0.010	97.8		41947		42896		0
96	605.0		0.010	97.8		42099		43075		0
97	604.0		0.010	97.7		42192		43179		0
98	603.0		0.010	97.7		42199		43204		0
99	602.0		0.010	97.6		42116		43150		0
100	601.0		0.011	97.6		41963		43009		0
101	600.0		0.011	97.5		41726		42797		0
102	599.0		0.011	97.5		41403		42487		0
103	598.0		0.011	97.4		41004		42084		0
104	597.0		0.012	97.4		40485		41564		0
105	596.0		0.012	97.3		39865		40957		0
106	595.0		0.012	97.3		39115		40222		0
107	594.0		0.012	97.2		38357		39433		0
108	593.0		0.013	97.1		37488		38595		0
109	592.0		0.013	97.0		36538		37669		0
110	591.0		0.014	96.9		35539		36660		0
111	590.0		0.014	96.8		34518		35646		0
112	589.0		0.014	96.8		33541		34658		0
113	588.0		0.015	96.7		32654		33783		0
114	587.0		0.015	96.6		31758		32881		0
115	586.0		0.016	96.5		30944		32055		0
116	585.0		0.016	96.4		30115		31239		0
117	584.0		0.016	96.3		29377		30474		0
118	583.0		0.017	96.1		28635		29798		0
119	582.0		0.018	96.0		28008		29149		0
120	581.0		0.018	95.9		27413		28591		0
121	580.0		0.019	95.8		26898		28080		0
122	579.0		0.020	95.6		26412		27622		0
123	578.0		0.020	95.4		25985		27238		0
124	577.0		0.021	95.3		25665		26937		0
125	576.0		0.022	95.1		25412		26725		0
126	575.0		0.022	95.0		25237		26587		0
127	574.0		0.023	94.8		25146		26534		0
128	573.0		0.024	94.6		25129		26569		0
129	572.0		0.025	94.4		25218		26721		0
130	571.0		0.026	94.2		25445		27003		0
131	570.0		0.027	94.0		25874		27522		0
132	569.0		0.028	93.8		26615		28391		0
133	568.0		0.029	93.6		27639		29563		0
134	567.0		0.030	93.3		28626		30685		0
135	566.0		0.031	93.1		29259		31417		0
136	565.0		0.032	92.8		29717		32037		0
137	564.0		0.034	92.5		30042		32472		0
138	563.0		0.035	92.3		30242		32774		0
139	562.0		0.036	92.0		30318		32958		0
140	561.0		0.037	91.7		30271		33003		0
141	560.0		0.039	91.4		30075		32903		0
142	559.0		0.040	91.2		29762		32661		0
143	558.0		0.042	90.8		29295		32274		0
144	557.0		0.043	90.5		28703		31711		0
145	556.0		0.045	90.2		27952		31017		0
146	555.0		0.046	89.9		27088		30156		0
147	554.0		0.048	89.5		26146		29207		0
148	553.0		0.050	89.2		25123		28190		0
149	552.0		0.052	88.8		24150		27196		0
150	551.0		0.054	88.4		23196		26260		0
151	550.0		0.055	88.0		22316		25336		0
152	549.0		0.057	87.6		23158		26441		0
153	548.0		0.059	87.2		22554		25866		0
154	547.0		0.061	86.9		21977		25300		0
155	546.0		0.063	86.5		21407		24765		0
156	545.0		0.065	86.1		20847		24206		0
157	544.0		0.067	85.7		20331		23733		0
158	543.0		0.069	85.3		20047		23510		0
159	542.0		0.071	84.8		19929		23495		0
160	541.0		0.074	84.4		19809		23475		0
161	540.0		0.076	84.0		19671		23426		0
162	539.0		0.078	83.6		19524		23361		0
163	538.0		0.080	83.2		19358		23274		0
164	537.0		0.082	82.8		19168		23171		0
165	536.0		0.084	82.4		18980		23052		0
166	535.0		0.086	82.0		18785		22927		0
167	534.0		0.088	81.6		18581		22789		0
168	533.0		0.091	81.2		18365		22646		0
169	532.0		0.093	80.7		18147		22497		0
170	531.0		0.095	80.3		17924		22334		0
171	530.0		0.097	79.9		17708		22172		0
172	529.0		0.100	79.5		17494		22026		0
173	528.0		0.102	79.1		17290		21886		0
174	527.0		0.104	78.7		17093		21740		0
175	526.0		0.106	78.3		16895		21586		0
176	525.0		0.109	77.9		16688		21430		0
177	524.0		0.111	77.5		16487		21280		0
178	523.0		0.113	77.1		16283		21125		0
179	522.0		0.115	76.8		16099		20970		0
180	521.0		0.117	76.4		15899		20817		0
181	520.0		0.119	76.1		15720		20674		0
182	519.0		0.121	75.7		15532		20528		0
183	518.0		0.123	75.4		15347		20374		0
184	517.0		0.125	75.0		15166		20231		0
185	516.0		0.127	74.7		14994		20077		0
186	515.0		0.128	74.4		14832		19948		0
187	514.0		0.130	74.1		14670		19802		0
188	513.0		0.132	73.8		14506		19653		0
189	512.0		0.133	73.6		14348		19512		0
190	511.0		0.135	73.3		14197		19378		0
191	510.0		0.136	73.1		14059		19253		0
192	509.0		0.138	72.8		13923		19130		0
193	508.0		0.139	72.6		13789		19002		0
194	507.0		0.141	72.4		13644		18869		0
195	506.0		0.142	72.1		13509		18740		0
196	505.0		0.143	72.0		13377		18605		0
197	504.0		0.144	71.8		13257		18480		0
198	503.0		0.145	71.6		13145		18359		0
199	502.0		0.146	71.5		13033		18238		0
200	501.0		0.147	71.4		12926		18122		0
201	500.0		0.147	71.2		12822		18011		0
202	499.0		0.148	71.1		12725		17899		0
203	498.0		0.148	71.1		25524		35953		0
204	497.0		0.149	71.0		12540		17682		0
205	496.0		0.149	70.9		25158		35500		0
206	495.0		0.150	70.9		24956		35250		0
207	494.0		0.150	70.8		24756		34980		0
208	493.0		0.150	70.8		24577		34738		0
209	492.0		0.150	70.8		24407		34492		0
210	491.0		0.150	70.8		24251		34264		0
211	490.0		0.150	70.9		24119		34055		0
212	489.0		0.149	70.9		23982		33843		0
213	488.0		0.149	70.9		23853		33634		0
214	487.0		0.149	71.0		23720		33408		0
215	486.0		0.148	71.1		23596		33199		0
216	485.0		0.148	71.2		23474		32994		0
217	484.0		0.147	71.3		23356		32768		0
218	483.0		0.146	71.4		23224		32536		0
219	482.0		0.145	71.6		23094		32293		0
220	481.0		0.144	71.7		22983		32057		0
221	480.0		0.143	71.9		22891		31859		0
222	479.0		0.142	72.1		22796		31651		0
223	478.0		0.141	72.3		22706		31442		0
224	477.0		0.140	72.5		22616		31218		0
225	476.0		0.139	72.7		22514		30996		0
226	475.0		0.137	72.9		22413		30767		0
227	474.0		0.136	73.1		22313		30529		0
228	473.0		0.134	73.4		22212		30295		0
229	472.0		0.133	73.6		22108		30037		0
230	471.0		0.131	73.9		21998		29766		0
231	470.0		0.129	74.2		21896		29501		0
232	469.0		0.128	74.5		21786		29241		0
233	468.0		0.126	74.8		21685		28994		0
234	467.0		0.124	75.1		21577		28738		0
235	466.0		0.122	75.4		21465		28474		0
236	465.0		0.121	75.7		21340		28194		0
237	464.0		0.119	76.1		21202		27906		0
238	463.0		0.117	76.4		21061		27594		0
239	462.0		0.115	76.7		20912		27286		0
240	461.0		0.113	77.1		20752		26963		0
241	460.0		0.111	77.4		20588		26619		0
242	459.0		0.109	77.8		20400		26252		0
243	458.0		0.107	78.1		20195		25871		0
244	457.0		0.105	78.5		19986		25475		0
245	456.0		0.103	78.9		19788		25094		0
246	455.0		0.101	79.2		19557		24701		0
247	454.0		0.099	79.6		19347		24323		0
248	453.0		0.097	79.9		19110		23922		0
249	452.0		0.096	80.2		18866		23513		0
250	451.0		0.094	80.6		18614		23114		0
251	450.0		0.092	80.9		18372		22726		0
252	449.0		0.090	81.2		18132		22348		0
253	448.0		0.089	81.5		17881		21943		0
254	447.0		0.087	81.8		17610		21524		0
255	446.0		0.085	82.2		17361		21133		0
256	445.0		0.084	82.5		17094		20738		0
257	444.0		0.082	82.7		16862		20385		0
258	443.0		0.081	83.0		16636		20054		0
259	442.0		0.080	83.2		16429		19740		0
260	441.0		0.078	83.5		16230		19450		0
261	440.0		0.077	83.7		16050		19180		0
262	439.0		0.076	83.9		15872		18933		0
263	438.0		0.075	84.1		15705		18700		0
264	437.0		0.075	84.2		15538		18465		0
265	436.0		0.074	84.4		15360		18215		0
266	435.0		0.073	84.5		15175		17959		0
267	434.0		0.073	84.6		30448		36002		0
268	433.0		0.072	84.6		30021		35451		0
269	432.0		0.072	84.7		29560		34906		0
270	431.0		0.072	84.7		29109		34391		0
271	430.0		0.072	84.7		28646		33864		0
272	429.0		0.072	84.7		29028		34247		0
273	428.0		0.072	84.6		29121		34401		0
274	427.0		0.073	84.5		29182		34527		0
275	426.0		0.074	84.3		29210		34624		0
276	425.0		0.075	84.1		29205		34718		0
277	424.0		0.077	83.8		29168		34779		0
278	423.0		0.078	83.5		29086		34817		0
279	422.0		0.080	83.1		28960		34822		0
280	421.0		0.082	82.7		28797		34810		0
281	420.0		0.085	82.3		28611		34779		0
282	419.0		0.087	81.8		28388		34722		0
283	418.0		0.090	81.2		28127		34626		0
284	417.0		0.093	80.7		27844		34504		0
285	416.0		0.097	80.0		27495		34356		0
286	415.0		0.100	79.4		27137		34192		0
287	414.0		0.104	78.6		26752		34013		0
288	413.0		0.109	77.8		26327		33802		0
289	412.0		0.114	77.0		25842		33566		0
290	411.0		0.119	76.0		25346		33319		0
291	410.0		0.125	75.1		24799		33040		0
292	409.0		0.131	74.0		24254		32762		0
293	408.0		0.137	73.0		23694		32466		0
294	407.0		0.143	71.9		23162		32174		0
295	406.0		0.150	70.8		22582		31870		0
296	405.0		0.157	69.7		21998		31550		0
297	404.0		0.164	68.5		21392		31219		0
298	403.0		0.172	67.3		20776		30864		0
299	402.0		0.180	66.1		20176		30506		0
300	401.0		0.186	65.2		19543		30148		0
301	400.0		0.191	64.4		18915		29762		0
