2 4.0 3.141592653589793
3 2.666666666666667 3.141592653589793
4 3.466666666666667 3.141592653589793
5 2.8952380952380956 3.141592653589793
6 3.3396825396825403 3.141592653589793
7 2.9760461760461765 3.141592653589793
8 3.2837384837384844 3.141592653589793
9 3.017071817071818 3.141592653589793
10 3.2523659347188767 3.141592653589793
11 3.0418396189294032 3.141592653589793
12 3.232315809405594 3.141592653589793
13 3.058402765927333 3.141592653589793
14 3.2184027659273333 3.141592653589793
15 3.0702546177791854 3.141592653589793
16 3.208185652261944 3.141592653589793
17 3.079153394197428 3.141592653589793
18 3.200365515409549 3.141592653589793
19 3.0860798011238346 3.141592653589793
20 3.1941879092319425 3.141592653589793
21 3.09162380666784 3.141592653589793
22 3.189184782277596 3.141592653589793
23 3.0961615264636424 3.141592653589793
24 3.1850504153525314 3.141592653589793
25 3.099944032373808 3.141592653589793
26 3.1815766854350325 3.141592653589793
27 3.1031453128860127 3.141592653589793
28 3.1786170109992202 3.141592653589793
29 3.1058897382719475 3.141592653589793
30 3.1760651768684385 3.141592653589793
31 3.108268566698947 3.141592653589793
32 3.1738423371907505 3.141592653589793
33 3.110350273698687 3.141592653589793
34 3.1718887352371485 3.141592653589793
35 3.112187242699835 3.141592653589793
36 3.1701582571925884 3.141592653589793
37 3.1138202290235744 3.141592653589793
38 3.1686147495715193 3.141592653589793
39 3.115281416238186 3.141592653589793
40 3.167229468186238 3.141592653589793
41 3.116596556793833 3.141592653589793
42 3.1659792728432157 3.141592653589793
43 3.117786501758878 3.141592653589793
44 3.1648453252882898 3.141592653589793
45 3.118868313794037 3.141592653589793
46 3.163812134018756 3.141592653589793
47 3.1198560900627124 3.141592653589793
48 3.1628668427508844 3.141592653589793
49 3.1207615795929895 3.141592653589793
50 3.161998692995051 3.141592653589793
51 3.121594652591011 3.141592653589793
52 3.1611986129870506 3.141592653589793
53 3.12236366153074 3.141592653589793
54 3.160458899625978 3.141592653589793
55 3.1230757220558845 3.141592653589793
56 3.1597729697623063 3.141592653589793
57 3.12373693372627 3.141592653589793
58 3.159135163814766 3.141592653589793
59 3.124352555119114 3.141592653589793
60 3.158540589307148 3.141592653589793
61 3.1249271439289967 3.141592653589793
62 3.157984995168666 3.141592653589793
63 3.125464669965414 3.141592653589793
64 3.157464669965414 3.141592653589793
65 3.125968606973288 3.141592653589793
66 3.1569763589112725 3.141592653589793
67 3.1264420077662343 3.141592653589793
68 3.156517195736159 3.141592653589793
69 3.126887566106529 3.141592653589793
70 3.1560846463985 3.141592653589793
71 3.127307667981234 3.141592653589793
72 3.155676462307475 3.141592653589793
73 3.127704434335447 3.141592653589793
74 3.155290641231999 3.141592653589793
75 3.1280797568782575 3.141592653589793
76 3.15492539446215 3.141592653589793
77 3.1284353282369843 3.141592653589793
78 3.1545791190866574 3.141592653589793
79 3.128772667473754 3.141592653589793
80 3.1542503744801236 3.141592653589793
81 3.129093141775721 3.141592653589793
82 3.1539378622726155 3.141592653589793
83 3.129397984972002 3.141592653589793
84 3.1536404092144266 3.141592653589793
85 3.129688313406043 3.141592653589793
86 3.1533569524592977 3.141592653589793
87 3.129965139593801 3.141592653589793
88 3.153086526877038 3.141592653589793
89 3.1302293840198954 3.141592653589793
90 3.1528282540763923 3.141592653589793
91 3.1304818853613083 3.141592653589793
92 3.1525813328751204 3.141592653589793
93 3.1307234093778527 3.141592653589793
94 3.1523450309994745 3.141592653589793
95 3.1309546566679236 3.141592653589793
96 3.152118677831945 3.141592653589793
97 3.131176269454982 3.141592653589793
98 3.151901658056018 3.141592653589793
99 3.1313888375431977 3.141592653589793
100 3.1516934060711166 3.141592653589793
101 3.1315929035585537 3.141592653589793
102 3.1514934010709914 3.141592653589793
103 3.1317889675734545 3.141592653589793
104 3.1513011626954057 3.141592653589793
105 3.131977491197821 3.141592653589793
106 3.1511162471786824 3.141592653589793
107 3.1321589012071183 3.141592653589793
108 3.150938243930123 3.141592653589793
109 3.132333592767332 3.141592653589793
110 3.1507667724908344 3.141592653589793
111 3.1325019323081857 3.141592653589793
112 3.150601479819498 3.141592653589793
113 3.132664260088556 3.141592653589793
114 3.150442037866334 3.141592653589793
115 3.1328208924918846 3.141592653589793
116 3.1502881414001815 3.141592653589793
117 3.1329721240841644 3.141592653589793
118 3.150139506058413 3.141592653589793
119 3.1331182294626685 3.141592653589793
120 3.14999586659347 3.141592653589793
121 3.13325946491983 3.141592653589793
122 3.149856975293274 3.141592653589793
123 3.1333960699434797 3.141592653589793
124 3.149722600555725 3.141592653589793
125 3.133528268571919 3.141592653589793
126 3.1495925256000317 3.141592653589793
127 3.133656270619952 3.141592653589793
128 3.149466547299794 3.141592653589793
129 3.13378027278999 3.141592653589793
130 3.1493444751246202 3.141592653589793
131 3.133900459680605 3.141592653589793
132 3.1492261301786892 3.141592653589793
133 3.134017004703404 3.141592653589793
134 3.1491113443260454 3.141592653589793
135 3.1341300709178057 3.141592653589793
136 3.148999959393642 3.141592653589793
137 3.1342398117921664 3.141592653589793
138 3.148891826444181 3.141592653589793
139 3.1343463718987263 3.141592653589793
140 3.148786805111723 3.141592653589793
141 3.134449887548999 3.141592653589793
142 3.1486847629938386 3.141592653589793
143 3.134550487375464 3.141592653589793
144 3.1485855750947622 3.141592653589793
145 3.134648292864797 3.141592653589793
146 3.1484891233146244 3.141592653589793
147 3.1347434188472705 3.141592653589793
148 3.1483952959803765 3.141592653589793
149 3.1348359739464784 3.141592653589793
150 3.148303987414492 3.141592653589793
151 3.134926060993087 3.141592653589793
152 3.1482150975379377 3.141592653589793
153 3.1350137774059244 3.141592653589793
154 3.148128531504285 3.141592653589793
155 3.135099215543373 3.141592653589793
156 3.148044199362143 3.141592653589793
157 3.135182463027738 3.141592653589793
158 3.147962015743393 3.141592653589793
159 3.1352636030449803 3.141592653589793
160 3.1478818995749487 3.141592653589793
161 3.1353427146219706 3.141592653589793
162 3.1478037738120017 3.141592653589793
163 3.135419872883209 3.141592653589793
164 3.1477275651909014 3.141592653589793
165 3.1354951492887606 3.141592653589793
166 3.1476532040000067 3.141592653589793
167 3.1355686118549917 3.141592653589793
168 3.147580623867004 3.141592653589793
169 3.135640325359541 3.141592653589793
170 3.1475097615613215 3.141592653589793
171 3.1357103515318228 3.141592653589793
172 3.147440556810415 3.141592653589793
173 3.1357787492302402 3.141592653589793
174 3.1473729521287908 3.141592653589793
175 3.1358455746071767 3.141592653589793
176 3.1473068926587526 3.141592653589793
177 3.1359108812627414 3.141592653589793
178 3.1472423260219484 3.141592653589793
179 3.1359747203881456 3.141592653589793
180 3.1471792021808627 3.141592653589793
181 3.136037140899526 3.141592653589793
182 3.147117473309498 3.141592653589793
183 3.1360981895629414 3.141592653589793
184 3.1470570936725304 3.141592653589793
185 3.1361579111112223 3.141592653589793
186 3.1469980195123064 3.141592653589793
187 3.1362163483532766 3.141592653589793
188 3.146940208943089 3.141592653589793
189 3.136273542276422 3.141592653589793
190 3.146883621852019 3.141592653589793
191 3.1363295321422564 3.141592653589793
192 3.1468282198062982 3.141592653589793
193 3.136384355576533 3.141592653589793
194 3.1467739659661436 3.141592653589793
195 3.136438048653482 3.141592653589793
196 3.1467208250030967 3.141592653589793
197 3.1364906459749635 3.141592653589793
198 3.1466687630233094 3.141592653589793
199 3.1365421807448284 3.141592653589793
200 3.146617747495458 3.141592653589793
201 3.136592684838816 3.141592653589793
