23MS156.wls
Scan Wavelength: 400.0 nm - 700.0 nm  Test Mode: Abs Mode  Test Time:17-10-2024 15:04:09
Peak/Valley Data Record
No.	Wavelength(nm)	Abs	Trans(%T)	Energy	Energy(100%T)	Energy(0%T)
No Peak/Valley Data.
Wavelength Scan Data Record
No.	Wavelength(nm)	Abs	Trans(%T)	Energy	Energy(100%T)	Energy(0%T)
1	700.0		0.013	96.9		34777		34341		0
2	699.0		0.014	96.8		34720		35003		0
3	698.0		0.015	96.6		34640		35640		0
4	697.0		0.016	96.3		34544		35930		0
5	696.0		0.017	96.2		34437		35829		0
6	695.0		0.017	96.1		34311		35726		0
7	694.0		0.018	96.0		34172		35607		0
8	693.0		0.018	95.9		34010		35463		0
9	692.0		0.018	95.9		33838		35314		0
10	691.0		0.019	95.8		33674		35176		0
11	690.0		0.019	95.7		33510		35017		0
12	689.0		0.019	95.7		33350		34873		0
13	688.0		0.020	95.6		33176		34717		0
14	687.0		0.020	95.5		32970		34539		0
15	686.0		0.020	95.4		32759		34365		0
16	685.0		0.021	95.3		32552		34173		0
17	684.0		0.021	95.2		32334		33971		0
18	683.0		0.022	95.1		32113		33780		0
19	682.0		0.022	95.0		31884		33581		0
20	681.0		0.023	94.9		31667		33386		0
21	680.0		0.023	94.8		31464		33202		0
22	679.0		0.024	94.7		31277		33044		0
23	678.0		0.024	94.6		31071		32874		0
24	677.0		0.025	94.4		30884		32704		0
25	676.0		0.025	94.3		30682		32538		0
26	675.0		0.026	94.2		30470		32373		0
27	674.0		0.027	94.0		30255		32198		0
28	673.0		0.027	93.9		30063		32028		0
29	672.0		0.028	93.7		29880		31882		0
30	671.0		0.029	93.6		29720		31753		0
31	670.0		0.029	93.5		29588		31660		0
32	669.0		0.030	93.3		29460		31570		0
33	668.0		0.031	93.2		29331		31491		0
34	667.0		0.032	93.0		29218		31416		0
35	666.0		0.032	92.8		29096		31350		0
36	665.0		0.033	92.6		28997		31291		0
37	664.0		0.034	92.5		28892		31236		0
38	663.0		0.035	92.3		28765		31171		0
39	662.0		0.036	92.1		28658		31122		0
40	661.0		0.037	91.9		28575		31100		0
41	660.0		0.038	91.6		28516		31107		0
42	659.0		0.039	91.4		28486		31142		0
43	658.0		0.040	91.2		28446		31170		0
44	657.0		0.041	91.0		28399		31198		0
45	656.0		0.042	90.8		28358		31236		0
46	655.0		0.043	90.5		28325		31272		0
47	654.0		0.044	90.3		28298		31317		0
48	653.0		0.045	90.1		28263		31366		0
49	652.0		0.047	89.8		28239		31421		0
50	651.0		0.048	89.6		28231		31499		0
51	650.0		0.049	89.3		28243		31598		0
52	649.0		0.050	89.1		28268		31726		0
53	648.0		0.052	88.8		28295		31852		0
54	647.0		0.053	88.5		28325		31985		0
55	646.0		0.054	88.3		28348		32106		0
56	645.0		0.056	88.0		28379		32245		0
57	644.0		0.057	87.7		28422		32398		0
58	643.0		0.058	87.5		28465		32537		0
59	642.0		0.060	87.2		28504		32690		0
60	641.0		0.061	86.9		28560		32867		0
61	640.0		0.062	86.6		28631		33042		0
62	639.0		0.064	86.3		28720		33249		0
63	638.0		0.065	86.0		28814		33488		0
64	637.0		0.067	85.7		28911		33706		0
65	636.0		0.068	85.5		29005		33928		0
66	635.0		0.070	85.2		29095		34144		0
67	634.0		0.071	84.9		29191		34367		0
68	633.0		0.072	84.6		29282		34583		0
69	632.0		0.074	84.4		29377		34811		0
70	631.0		0.075	84.1		29473		35044		0
71	630.0		0.077	83.8		29580		35286		0
72	629.0		0.078	83.5		29701		35536		0
73	628.0		0.080	83.2		29823		35821		0
74	627.0		0.081	83.0		29951		36092		0
75	626.0		0.083	82.7		30091		36396		0
76	625.0		0.084	82.4		30229		36691		0
77	624.0		0.086	82.1		30364		36978		0
78	623.0		0.087	81.8		30488		37254		0
79	622.0		0.089	81.5		30608		37536		0
80	621.0		0.090	81.2		30753		37845		0
81	620.0		0.092	81.0		30918		38168		0
82	619.0		0.093	80.7		31083		38478		0
83	618.0		0.095	80.4		31238		38813		0
84	617.0		0.096	80.2		31411		39144		0
85	616.0		0.097	79.9		31586		39484		0
86	615.0		0.099	79.6		31755		39849		0
87	614.0		0.100	79.3		31936		40225		0
88	613.0		0.102	79.1		32101		40572		0
89	612.0		0.103	78.8		32262		40902		0
90	611.0		0.105	78.5		32413		41229		0
91	610.0		0.106	78.3		32568		41575		0
92	609.0		0.108	78.1		32728		41901		0
93	608.0		0.109	77.8		32859		42194		0
94	607.0		0.110	77.6		32950		42456		0
95	606.0		0.112	77.3		33004		42674		0
96	605.0		0.113	77.1		33028		42831		0
97	604.0		0.115	76.8		32997		42942		0
98	603.0		0.116	76.5		32910		42978		0
99	602.0		0.118	76.3		32735		42913		0
100	601.0		0.119	76.0		32510		42775		0
101	600.0		0.120	75.8		32258		42550		0
102	599.0		0.122	75.5		31923		42250		0
103	598.0		0.123	75.3		31537		41848		0
104	597.0		0.125	75.1		31045		41359		0
105	596.0		0.126	74.8		30475		40711		0
106	595.0		0.127	74.6		29853		39999		0
107	594.0		0.129	74.4		29171		39199		0
108	593.0		0.130	74.1		28444		38374		0
109	592.0		0.132	73.9		27653		37433		0
110	591.0		0.133	73.6		26840		36433		0
111	590.0		0.134	73.4		25985		35420		0
112	589.0		0.136	73.1		25207		34463		0
113	588.0		0.137	72.9		24485		33556		0
114	587.0		0.139	72.6		23753		32689		0
115	586.0		0.140	72.4		23073		31853		0
116	585.0		0.142	72.2		22425		31083		0
117	584.0		0.143	71.9		21806		30305		0
118	583.0		0.145	71.7		21245		29602		0
119	582.0		0.146	71.4		20693		28983		0
120	581.0		0.148	71.2		20241		28408		0
121	580.0		0.149	70.9		19797		27907		0
122	579.0		0.151	70.7		19407		27445		0
123	578.0		0.152	70.4		19071		27056		0
124	577.0		0.154	70.2		18780		26757		0
125	576.0		0.155	69.9		18574		26547		0
126	575.0		0.157	69.7		18409		26420		0
127	574.0		0.159	69.4		18304		26356		0
128	573.0		0.160	69.1		18260		26387		0
129	572.0		0.162	68.9		18290		26535		0
130	571.0		0.164	68.6		18418		26829		0
131	570.0		0.165	68.4		18699		27344		0
132	569.0		0.167	68.1		19224		28169		0
133	568.0		0.169	67.8		19948		29356		0
134	567.0		0.170	67.6		20579		30467		0
135	566.0		0.172	67.3		21030		31194		0
136	565.0		0.174	67.0		21327		31782		0
137	564.0		0.175	66.8		21526		32222		0
138	563.0		0.177	66.5		21641		32528		0
139	562.0		0.179	66.3		21676		32698		0
140	561.0		0.180	66.0		21620		32742		0
141	560.0		0.182	65.8		21475		32629		0
142	559.0		0.184	65.5		21222		32395		0
143	558.0		0.185	65.3		20889		31986		0
144	557.0		0.187	65.1		20474		31451		0
145	556.0		0.188	64.9		19939		30739		0
146	555.0		0.190	64.6		19323		29901		0
147	554.0		0.191	64.4		18631		28954		0
148	553.0		0.192	64.2		17939		27954		0
149	552.0		0.194	64.0		17240		26955		0
150	551.0		0.195	63.8		16591		26007		0
151	550.0		0.197	63.6		15954		25106		0
152	549.0		0.198	63.3		16574		26188		0
153	548.0		0.200	63.1		16183		25618		0
154	547.0		0.201	63.0		15774		25062		0
155	546.0		0.202	62.8		15406		24517		0
156	545.0		0.203	62.7		15033		23955		0
157	544.0		0.204	62.6		14710		23479		0
158	543.0		0.204	62.5		14531		23256		0
159	542.0		0.205	62.4		14500		23244		0
160	541.0		0.206	62.3		14467		23222		0
161	540.0		0.206	62.2		14421		23175		0
162	539.0		0.207	62.2		14366		23114		0
163	538.0		0.207	62.1		14302		23016		0
164	537.0		0.207	62.1		14231		22913		0
165	536.0		0.207	62.1		14154		22801		0
166	535.0		0.207	62.1		14083		22672		0
167	534.0		0.207	62.1		14005		22541		0
168	533.0		0.207	62.1		13923		22395		0
169	532.0		0.206	62.2		13835		22240		0
170	531.0		0.206	62.3		13754		22082		0
171	530.0		0.205	62.4		13678		21926		0
172	529.0		0.204	62.5		13613		21777		0
173	528.0		0.204	62.6		13548		21636		0
174	527.0		0.203	62.7		13485		21492		0
175	526.0		0.202	62.9		13421		21345		0
176	525.0		0.200	63.0		13358		21192		0
177	524.0		0.199	63.2		13300		21035		0
178	523.0		0.198	63.4		13242		20875		0
179	522.0		0.196	63.6		13188		20725		0
180	521.0		0.195	63.8		13137		20582		0
181	520.0		0.193	64.1		13094		20426		0
182	519.0		0.191	64.4		13053		20284		0
183	518.0		0.189	64.7		13021		20129		0
184	517.0		0.187	65.0		12988		19978		0
185	516.0		0.185	65.3		12958		19838		0
186	515.0		0.183	65.6		12931		19697		0
187	514.0		0.181	65.9		12902		19553		0
188	513.0		0.179	66.3		12873		19408		0
189	512.0		0.176	66.7		12849		19268		0
190	511.0		0.174	67.0		12831		19139		0
191	510.0		0.171	67.4		12818		19007		0
192	509.0		0.169	67.8		12810		18892		0
193	508.0		0.166	68.2		12807		18762		0
194	507.0		0.163	68.7		12799		18628		0
195	506.0		0.160	69.2		12796		18486		0
196	505.0		0.157	69.6		12794		18364		0
197	504.0		0.154	70.1		12791		18230		0
198	503.0		0.151	70.6		12789		18110		0
199	502.0		0.148	71.1		12790		17989		0
200	501.0		0.145	71.5		12795		17874		0
201	500.0		0.142	72.0		12802		17764		0
202	499.0		0.139	72.5		12810		17654		0
203	498.0		0.136	73.0		25902		35453		0
204	497.0		0.133	73.5		12825		17432		0
205	496.0		0.130	74.1		25931		34994		0
206	495.0		0.127	74.6		25939		34737		0
207	494.0		0.124	75.2		25938		34472		0
208	493.0		0.121	75.7		25935		34212		0
209	492.0		0.118	76.3		25937		33993		0
210	491.0		0.115	76.8		25942		33764		0
211	490.0		0.112	77.3		25957		33558		0
212	489.0		0.109	77.8		25971		33350		0
213	488.0		0.106	78.4		25984		33138		0
214	487.0		0.103	78.9		25985		32916		0
215	486.0		0.100	79.4		25979		32707		0
216	485.0		0.097	79.9		25972		32498		0
217	484.0		0.095	80.4		25966		32273		0
218	483.0		0.092	81.0		25945		32030		0
219	482.0		0.089	81.5		25913		31790		0
220	481.0		0.086	82.0		25887		31553		0
221	480.0		0.084	82.5		25873		31348		0
222	479.0		0.081	83.0		25852		31139		0
223	478.0		0.079	83.4		25817		30932		0
224	477.0		0.076	83.9		25772		30709		0
225	476.0		0.074	84.3		25712		30486		0
226	475.0		0.072	84.7		25652		30253		0
227	474.0		0.070	85.1		25582		30026		0
228	473.0		0.068	85.6		25500		29787		0
229	472.0		0.066	86.0		25395		29532		0
230	471.0		0.064	86.4		25280		29266		0
231	470.0		0.062	86.7		25166		29009		0
232	469.0		0.060	87.1		25059		28750		0
233	468.0		0.058	87.5		24944		28505		0
234	467.0		0.057	87.8		24805		28238		0
235	466.0		0.055	88.1		24656		27977		0
236	465.0		0.054	88.3		24479		27700		0
237	464.0		0.053	88.6		24290		27398		0
238	463.0		0.051	88.8		24078		27086		0
239	462.0		0.050	89.1		23858		26776		0
240	461.0		0.049	89.3		23625		26458		0
241	460.0		0.048	89.5		23389		26127		0
242	459.0		0.047	89.7		23115		25763		0
243	458.0		0.047	89.8		22805		25395		0
244	457.0		0.046	90.0		22508		25005		0
245	456.0		0.045	90.1		22198		24621		0
246	455.0		0.045	90.1		21863		24246		0
247	454.0		0.045	90.2		21530		23870		0
248	453.0		0.045	90.2		21191		23482		0
249	452.0		0.045	90.3		20846		23070		0
250	451.0		0.045	90.2		20480		22681		0
251	450.0		0.045	90.2		20123		22289		0
252	449.0		0.045	90.2		19778		21916		0
253	448.0		0.045	90.1		19402		21526		0
254	447.0		0.046	90.0		19008		21125		0
255	446.0		0.046	89.8		18617		20710		0
256	445.0		0.047	89.7		18235		20338		0
257	444.0		0.048	89.5		17888		19979		0
258	443.0		0.049	89.3		17540		19654		0
259	442.0		0.050	89.0		17217		19342		0
260	441.0		0.052	88.8		16919		19060		0
261	440.0		0.053	88.5		16632		18782		0
262	439.0		0.055	88.2		16352		18530		0
263	438.0		0.056	87.9		16095		18292		0
264	437.0		0.058	87.5		15824		18068		0
265	436.0		0.060	87.1		15549		17835		0
266	435.0		0.062	86.7		15247		17580		0
267	434.0		0.064	86.2		30381		35218		0
268	433.0		0.067	85.8		29750		34687		0
269	432.0		0.069	85.3		29155		34160		0
270	431.0		0.072	84.8		28523		33660		0
271	430.0		0.074	84.3		27938		33121		0
272	429.0		0.076	83.9		28141		33500		0
273	428.0		0.079	83.3		28083		33644		0
274	427.0		0.082	82.8		27999		33762		0
275	426.0		0.085	82.2		27887		33855		0
276	425.0		0.088	81.7		27753		33920		0
277	424.0		0.091	81.0		27591		33988		0
278	423.0		0.095	80.4		27388		34025		0
279	422.0		0.098	79.7		27159		34026		0
280	421.0		0.102	79.1		26922		34006		0
281	420.0		0.105	78.4		26672		33970		0
282	419.0		0.109	77.8		26410		33900		0
283	418.0		0.112	77.2		26123		33807		0
284	417.0		0.116	76.6		25827		33686		0
285	416.0		0.119	76.0		25500		33544		0
286	415.0		0.123	75.3		25171		33379		0
287	414.0		0.127	74.7		24829		33199		0
288	413.0		0.130	74.1		24481		32992		0
289	412.0		0.134	73.5		24102		32759		0
290	411.0		0.138	72.9		23699		32505		0
291	410.0		0.141	72.2		23307		32242		0
292	409.0		0.145	71.7		22923		31959		0
293	408.0		0.148	71.1		22537		31674		0
294	407.0		0.151	70.6		22167		31395		0
295	406.0		0.155	70.1		21801		31088		0
296	405.0		0.158	69.6		21429		30772		0
297	404.0		0.161	69.1		21060		30436		0
298	403.0		0.163	68.6		20679		30095		0
299	402.0		0.166	68.2		20327		29748		0
300	401.0		0.168	67.9		19951		29383		0
301	400.0		0.170	67.7		19592		29021		0
