23MS126.wls
Scan Wavelength: 400.0 nm - 700.0 nm  Test Mode: Abs Mode  Test Time:17-10-2024 15:09:11
Peak/Valley Data Record
No.	Wavelength(nm)	Abs	Trans(%T)	Energy	Energy(100%T)	Energy(0%T)
No Peak/Valley Data.
Wavelength Scan Data Record
No.	Wavelength(nm)	Abs	Trans(%T)	Energy	Energy(100%T)	Energy(0%T)
1	700.0		0.013	97.1		34856		34341		0
2	699.0		0.014	96.9		34788		35003		0
3	698.0		0.015	96.7		34682		35640		0
4	697.0		0.016	96.4		34573		35930		0
5	696.0		0.017	96.2		34449		35829		0
6	695.0		0.017	96.1		34307		35726		0
7	694.0		0.018	96.0		34160		35607		0
8	693.0		0.018	95.9		33989		35463		0
9	692.0		0.019	95.8		33813		35314		0
10	691.0		0.019	95.7		33640		35176		0
11	690.0		0.020	95.6		33479		35017		0
12	689.0		0.020	95.5		33299		34873		0
13	688.0		0.021	95.3		33108		34717		0
14	687.0		0.021	95.2		32883		34539		0
15	686.0		0.022	95.1		32669		34365		0
16	685.0		0.023	94.9		32436		34173		0
17	684.0		0.023	94.8		32215		33971		0
18	683.0		0.024	94.7		31966		33780		0
19	682.0		0.024	94.5		31750		33581		0
20	681.0		0.025	94.4		31522		33386		0
21	680.0		0.026	94.3		31298		33202		0
22	679.0		0.026	94.1		31094		33044		0
23	678.0		0.027	93.9		30876		32874		0
24	677.0		0.028	93.8		30677		32704		0
25	676.0		0.029	93.6		30449		32538		0
26	675.0		0.030	93.4		30227		32373		0
27	674.0		0.031	93.2		30018		32198		0
28	673.0		0.031	93.0		29798		32028		0
29	672.0		0.032	92.8		29600		31882		0
30	671.0		0.033	92.6		29426		31753		0
31	670.0		0.034	92.4		29271		31660		0
32	669.0		0.035	92.2		29124		31570		0
33	668.0		0.036	92.0		28970		31491		0
34	667.0		0.037	91.8		28837		31416		0
35	666.0		0.038	91.5		28707		31350		0
36	665.0		0.040	91.3		28587		31291		0
37	664.0		0.041	91.0		28458		31236		0
38	663.0		0.042	90.8		28314		31171		0
39	662.0		0.043	90.5		28182		31122		0
40	661.0		0.045	90.2		28072		31100		0
41	660.0		0.046	89.9		28001		31107		0
42	659.0		0.048	89.6		27934		31142		0
43	658.0		0.049	89.3		27866		31170		0
44	657.0		0.050	89.0		27800		31198		0
45	656.0		0.052	88.7		27739		31236		0
46	655.0		0.053	88.4		27682		31272		0
47	654.0		0.055	88.1		27625		31317		0
48	653.0		0.057	87.8		27564		31366		0
49	652.0		0.058	87.5		27507		31421		0
50	651.0		0.060	87.1		27461		31499		0
51	650.0		0.062	86.8		27443		31598		0
52	649.0		0.063	86.4		27440		31726		0
53	648.0		0.065	86.1		27433		31852		0
54	647.0		0.067	85.7		27426		31985		0
55	646.0		0.069	85.4		27420		32106		0
56	645.0		0.071	85.0		27423		32245		0
57	644.0		0.073	84.6		27427		32398		0
58	643.0		0.074	84.2		27427		32537		0
59	642.0		0.076	83.9		27435		32690		0
60	641.0		0.078	83.5		27456		32867		0
61	640.0		0.080	83.1		27489		33042		0
62	639.0		0.082	82.7		27525		33249		0
63	638.0		0.085	82.3		27572		33488		0
64	637.0		0.087	81.9		27620		33706		0
65	636.0		0.089	81.5		27671		33928		0
66	635.0		0.091	81.1		27716		34144		0
67	634.0		0.093	80.7		27758		34367		0
68	633.0		0.095	80.4		27798		34583		0
69	632.0		0.097	80.0		27847		34811		0
70	631.0		0.099	79.6		27899		35044		0
71	630.0		0.101	79.2		27964		35286		0
72	629.0		0.103	78.8		28039		35536		0
73	628.0		0.105	78.5		28119		35821		0
74	627.0		0.108	78.1		28201		36092		0
75	626.0		0.110	77.7		28286		36396		0
76	625.0		0.112	77.3		28372		36691		0
77	624.0		0.114	76.9		28447		36978		0
78	623.0		0.116	76.5		28516		37254		0
79	622.0		0.119	76.1		28595		37536		0
80	621.0		0.121	75.7		28688		37845		0
81	620.0		0.123	75.4		28801		38168		0
82	619.0		0.125	75.0		28906		38478		0
83	618.0		0.127	74.7		29007		38813		0
84	617.0		0.129	74.3		29118		39144		0
85	616.0		0.131	74.0		29230		39484		0
86	615.0		0.133	73.6		29349		39849		0
87	614.0		0.135	73.2		29468		40225		0
88	613.0		0.138	72.9		29586		40572		0
89	612.0		0.140	72.5		29688		40902		0
90	611.0		0.141	72.2		29792		41229		0
91	610.0		0.143	71.9		29904		41575		0
92	609.0		0.145	71.5		30006		41901		0
93	608.0		0.147	71.2		30082		42194		0
94	607.0		0.149	70.9		30130		42456		0
95	606.0		0.151	70.6		30153		42674		0
96	605.0		0.153	70.3		30140		42831		0
97	604.0		0.155	70.0		30077		42942		0
98	603.0		0.157	69.6		29954		42978		0
99	602.0		0.159	69.3		29768		42913		0
100	601.0		0.161	69.0		29530		42775		0
101	600.0		0.163	68.7		29244		42550		0
102	599.0		0.165	68.4		28912		42250		0
103	598.0		0.167	68.1		28521		41848		0
104	597.0		0.169	67.8		28045		41359		0
105	596.0		0.171	67.5		27494		40711		0
106	595.0		0.173	67.2		26897		39999		0
107	594.0		0.174	66.9		26290		39199		0
108	593.0		0.176	66.6		25568		38374		0
109	592.0		0.178	66.3		24820		37433		0
110	591.0		0.180	66.0		24059		36433		0
111	590.0		0.182	65.7		23303		35420		0
112	589.0		0.184	65.4		22552		34463		0
113	588.0		0.186	65.1		21851		33556		0
114	587.0		0.188	64.8		21216		32689		0
115	586.0		0.190	64.5		20582		31853		0
116	585.0		0.192	64.2		19959		31083		0
117	584.0		0.194	63.9		19389		30305		0
118	583.0		0.196	63.6		18851		29602		0
119	582.0		0.199	63.3		18352		28983		0
120	581.0		0.201	63.0		17898		28408		0
121	580.0		0.203	62.7		17506		27907		0
122	579.0		0.205	62.4		17130		27445		0
123	578.0		0.207	62.0		16803		27056		0
124	577.0		0.210	61.7		16521		26757		0
125	576.0		0.212	61.4		16306		26547		0
126	575.0		0.214	61.1		16140		26420		0
127	574.0		0.216	60.8		16026		26356		0
128	573.0		0.219	60.4		15963		26387		0
129	572.0		0.221	60.1		15968		26535		0
130	571.0		0.223	59.8		16051		26829		0
131	570.0		0.226	59.5		16270		27344		0
132	569.0		0.228	59.1		16704		28169		0
133	568.0		0.230	58.8		17286		29356		0
134	567.0		0.233	58.5		17812		30467		0
135	566.0		0.236	58.1		18160		31194		0
136	565.0		0.238	57.8		18378		31782		0
137	564.0		0.240	57.5		18529		32222		0
138	563.0		0.243	57.2		18603		32528		0
139	562.0		0.245	56.9		18609		32698		0
140	561.0		0.247	56.6		18537		32742		0
141	560.0		0.250	56.3		18382		32629		0
142	559.0		0.252	56.0		18154		32395		0
143	558.0		0.254	55.7		17827		31986		0
144	557.0		0.256	55.4		17442		31451		0
145	556.0		0.258	55.2		16966		30739		0
146	555.0		0.260	54.9		16408		29901		0
147	554.0		0.262	54.6		15815		28954		0
148	553.0		0.264	54.4		15192		27954		0
149	552.0		0.266	54.2		14613		26955		0
150	551.0		0.268	53.9		14016		26007		0
151	550.0		0.271	53.6		13465		25106		0
152	549.0		0.273	53.3		13938		26188		0
153	548.0		0.275	53.1		13590		25618		0
154	547.0		0.277	52.9		13259		25062		0
155	546.0		0.278	52.7		12918		24517		0
156	545.0		0.279	52.6		12601		23955		0
157	544.0		0.281	52.4		12318		23479		0
158	543.0		0.282	52.3		12168		23256		0
159	542.0		0.283	52.2		12136		23244		0
160	541.0		0.283	52.1		12104		23222		0
161	540.0		0.284	52.0		12059		23175		0
162	539.0		0.285	51.9		12009		23114		0
163	538.0		0.285	51.9		11958		23016		0
164	537.0		0.285	51.9		11898		22913		0
165	536.0		0.285	51.9		11832		22801		0
166	535.0		0.285	51.9		11772		22672		0
167	534.0		0.285	51.9		11708		22541		0
168	533.0		0.284	51.9		11642		22395		0
169	532.0		0.284	52.0		11574		22240		0
170	531.0		0.283	52.1		11509		22082		0
171	530.0		0.282	52.2		11451		21926		0
172	529.0		0.281	52.3		11402		21777		0
173	528.0		0.280	52.5		11358		21636		0
174	527.0		0.279	52.6		11317		21492		0
175	526.0		0.277	52.8		11274		21345		0
176	525.0		0.276	53.0		11236		21192		0
177	524.0		0.274	53.2		11200		21035		0
178	523.0		0.272	53.5		11170		20875		0
179	522.0		0.270	53.7		11137		20725		0
180	521.0		0.268	54.0		11114		20582		0
181	520.0		0.265	54.3		11098		20426		0
182	519.0		0.263	54.6		11087		20284		0
183	518.0		0.260	55.0		11077		20129		0
184	517.0		0.257	55.3		11070		19978		0
185	516.0		0.254	55.7		11068		19838		0
186	515.0		0.251	56.1		11068		19697		0
187	514.0		0.248	56.5		11069		19553		0
188	513.0		0.244	57.0		11073		19408		0
189	512.0		0.241	57.4		11077		19268		0
190	511.0		0.237	57.9		11089		19139		0
191	510.0		0.234	58.4		11104		19007		0
192	509.0		0.230	58.9		11126		18892		0
193	508.0		0.226	59.4		11150		18762		0
194	507.0		0.222	60.0		11177		18628		0
195	506.0		0.218	60.6		11204		18486		0
196	505.0		0.214	61.2		11236		18364		0
197	504.0		0.209	61.8		11269		18230		0
198	503.0		0.205	62.3		11303		18110		0
199	502.0		0.201	62.9		11334		17989		0
200	501.0		0.197	63.6		11368		17874		0
201	500.0		0.193	64.2		11410		17764		0
202	499.0		0.188	64.8		11450		17654		0
203	498.0		0.184	65.5		23223		35453		0
204	497.0		0.180	66.1		11531		17432		0
205	496.0		0.175	66.8		23390		34994		0
206	495.0		0.171	67.5		23476		34737		0
207	494.0		0.166	68.2		23557		34472		0
208	493.0		0.161	69.0		23634		34212		0
209	492.0		0.157	69.7		23707		33993		0
210	491.0		0.153	70.4		23779		33764		0
211	490.0		0.148	71.1		23860		33558		0
212	489.0		0.144	71.7		23947		33350		0
213	488.0		0.140	72.4		24030		33138		0
214	487.0		0.136	73.1		24097		32916		0
215	486.0		0.132	73.8		24157		32707		0
216	485.0		0.128	74.5		24217		32498		0
217	484.0		0.124	75.2		24281		32273		0
218	483.0		0.120	75.9		24336		32030		0
219	482.0		0.116	76.6		24385		31790		0
220	481.0		0.112	77.3		24418		31553		0
221	480.0		0.108	77.9		24462		31348		0
222	479.0		0.105	78.6		24501		31139		0
223	478.0		0.101	79.2		24524		30932		0
224	477.0		0.098	79.8		24534		30709		0
225	476.0		0.095	80.4		24542		30486		0
226	475.0		0.092	81.0		24533		30253		0
227	474.0		0.088	81.6		24518		30026		0
228	473.0		0.085	82.1		24487		29787		0
229	472.0		0.082	82.7		24447		29532		0
230	471.0		0.080	83.3		24396		29266		0
231	470.0		0.077	83.8		24336		29009		0
232	469.0		0.074	84.3		24267		28750		0
233	468.0		0.072	84.8		24183		28505		0
234	467.0		0.070	85.2		24088		28238		0
235	466.0		0.067	85.6		23973		27977		0
236	465.0		0.065	86.0		23845		27700		0
237	464.0		0.064	86.4		23697		27398		0
238	463.0		0.062	86.7		23526		27086		0
239	462.0		0.060	87.1		23344		26776		0
240	461.0		0.059	87.4		23140		26458		0
241	460.0		0.057	87.6		22920		26127		0
242	459.0		0.056	87.9		22671		25763		0
243	458.0		0.055	88.1		22385		25395		0
244	457.0		0.054	88.3		22096		25005		0
245	456.0		0.053	88.4		21801		24621		0
246	455.0		0.053	88.6		21502		24246		0
247	454.0		0.052	88.7		21189		23870		0
248	453.0		0.052	88.7		20844		23482		0
249	452.0		0.052	88.7		20508		23070		0
250	451.0		0.052	88.7		20147		22681		0
251	450.0		0.052	88.7		19801		22289		0
252	449.0		0.052	88.6		19447		21916		0
253	448.0		0.053	88.5		19079		21526		0
254	447.0		0.054	88.4		18686		21125		0
255	446.0		0.055	88.2		18280		20710		0
256	445.0		0.056	87.9		17898		20338		0
257	444.0		0.057	87.7		17526		19979		0
258	443.0		0.059	87.4		17192		19654		0
259	442.0		0.060	87.1		16858		19342		0
260	441.0		0.062	86.7		16538		19060		0
261	440.0		0.064	86.3		16239		18782		0
262	439.0		0.066	85.9		15942		18530		0
263	438.0		0.068	85.4		15652		18292		0
264	437.0		0.071	84.9		15369		18068		0
265	436.0		0.074	84.4		15068		17835		0
266	435.0		0.077	83.8		14764		17580		0
267	434.0		0.080	83.2		29333		35218		0
268	433.0		0.083	82.5		28671		34687		0
269	432.0		0.087	81.9		28011		34160		0
270	431.0		0.090	81.2		27335		33660		0
271	430.0		0.094	80.6		26698		33121		0
272	429.0		0.097	80.0		26874		33500		0
273	428.0		0.100	79.4		26752		33644		0
274	427.0		0.104	78.7		26588		33762		0
275	426.0		0.109	77.9		26409		33855		0
276	425.0		0.113	77.1		26204		33920		0
277	424.0		0.118	76.3		25977		33988		0
278	423.0		0.123	75.4		25694		34025		0
279	422.0		0.128	74.5		25402		34026		0
280	421.0		0.133	73.7		25092		34006		0
281	420.0		0.138	72.8		24785		33970		0
282	419.0		0.143	72.0		24449		33900		0
283	418.0		0.147	71.2		24110		33807		0
284	417.0		0.152	70.4		23751		33686		0
285	416.0		0.157	69.6		23380		33544		0
286	415.0		0.162	68.8		22994		33379		0
287	414.0		0.168	68.0		22600		33199		0
288	413.0		0.173	67.2		22215		32992		0
289	412.0		0.178	66.4		21783		32759		0
290	411.0		0.183	65.6		21359		32505		0
291	410.0		0.188	64.8		20936		32242		0
292	409.0		0.193	64.1		20503		31959		0
293	408.0		0.198	63.4		20099		31674		0
294	407.0		0.203	62.7		19717		31395		0
295	406.0		0.207	62.1		19326		31088		0
296	405.0		0.211	61.5		18940		30772		0
297	404.0		0.216	60.9		18547		30436		0
298	403.0		0.219	60.3		18176		30095		0
299	402.0		0.223	59.8		17808		29748		0
300	401.0		0.226	59.4		17448		29383		0
301	400.0		0.228	59.1		17103		29021		0
